0.000000000000000000e+00
0.000000000000000000e+00
0.000000000000000000e+00
0.000000000000000000e+00
0.000000000000000000e+00
0.000000000000000000e+00
0.000000000000000000e+00
0.000000000000000000e+00
0.000000000000000000e+00
0.000000000000000000e+00
0.000000000000000000e+00
0.000000000000000000e+00
0.000000000000000000e+00
0.000000000000000000e+00
0.000000000000000000e+00
0.000000000000000000e+00
0.000000000000000000e+00
0.000000000000000000e+00
0.000000000000000000e+00
0.000000000000000000e+00
0.000000000000000000e+00
0.000000000000000000e+00
0.000000000000000000e+00
0.000000000000000000e+00
0.000000000000000000e+00
0.000000000000000000e+00
0.000000000000000000e+00
0.000000000000000000e+00
0.000000000000000000e+00
0.000000000000000000e+00
0.000000000000000000e+00
0.000000000000000000e+00
0.000000000000000000e+00
0.000000000000000000e+00
0.000000000000000000e+00
0.000000000000000000e+00
0.000000000000000000e+00
0.000000000000000000e+00
0.000000000000000000e+00
0.000000000000000000e+00
0.000000000000000000e+00
0.000000000000000000e+00
0.000000000000000000e+00
0.000000000000000000e+00
0.000000000000000000e+00
0.000000000000000000e+00
0.000000000000000000e+00
0.000000000000000000e+00
6.430625000000000000e+03
6.327894736842104976e+03
6.220517241379310690e+03
6.115757575757575978e+03
6.010162162162162531e+03
5.902928571428571558e+03
5.821833333333333030e+03
5.754687500000000000e+03
5.690109090909090810e+03
5.649777777777777374e+03
5.595969230769231217e+03
5.564656250000000000e+03
5.535634920634920491e+03
5.503405405405404963e+03
5.482940298507463012e+03
5.455865853658536253e+03
5.417246753246753542e+03
5.425583333333333030e+03
5.414965116279069662e+03
5.400071428571428442e+03
5.400372340425531547e+03
5.406208791208790899e+03
5.408416666666666970e+03
5.409619047619047706e+03
5.432131313131312709e+03
5.446252336448597816e+03
5.464123809523809541e+03
5.484758928571428442e+03
5.474307692307692378e+03
5.456452173913043225e+03
5.473455882352941444e+03
5.461125000000000000e+03
5.460717647058823786e+03
5.464855491329480174e+03
5.447230337078651246e+03
5.421481081081081356e+03
5.393286407766990123e+03
5.348881773399014492e+03
5.314169811320754889e+03
5.257745283018867667e+03
5.223130801687763778e+03
5.150786956521738830e+03
5.096419087136929193e+03
5.030662551440329480e+03
4.958790697674418880e+03
4.888000000000000000e+03
4.810179389312977037e+03
4.735170370370370620e+03
4.649864285714285870e+03
4.562667752442996971e+03
4.490859205776173440e+03
4.409684385382060100e+03
4.335136363636363967e+03
4.254783699059561513e+03
4.171492354740061273e+03
4.087250000000000000e+03
4.012930303030303094e+03
3.935335365853658459e+03
3.851227405247813294e+03
3.766381766381766283e+03
3.689066473988439157e+03
3.612731903485254861e+03
3.540554913294797643e+03
3.467287262872628617e+03
3.391551075268817385e+03
3.319350785340314360e+03
3.248250000000000000e+03
3.174785714285714221e+03
3.107207594936709029e+03
3.032177664974619347e+03
2.959586633663366229e+03
2.878165887850467243e+03
2.794126168224298908e+03
2.712976470588235316e+03
2.631033557046979695e+03
2.551708235294117458e+03
2.473747727272727388e+03
2.394766439909296878e+03
2.324957805907172769e+03
2.256148230088495438e+03
2.193181236673774038e+03
2.137577922077922267e+03
2.087624472573839739e+03
2.042435845213849234e+03
2.003294478527607453e+03
1.971872000000000071e+03
1.941985626283367537e+03
1.917241379310344882e+03
1.894213147410358488e+03
1.875141434262948223e+03
1.855835538752362936e+03
1.837998148148148175e+03
1.819624765478424024e+03
1.807406427221171953e+03
1.794854126679462524e+03
1.783282186948853678e+03
1.770291958041957969e+03
1.758713523131672673e+03
1.745758992805755497e+03
1.734333333333333258e+03
1.723472881355932259e+03
1.710056537102473385e+03
1.700250000000000000e+03
1.690155322862129196e+03
1.679923199999999952e+03
1.669343283582089498e+03
1.660680532445923518e+03
1.650229166666666742e+03
1.640930448222565701e+03
1.630536547433903479e+03
1.619508800000000065e+03
1.611122222222222263e+03
1.604271386430678376e+03
1.595780674846625743e+03
1.588936857562408250e+03
1.582481762917933111e+03
1.575378809869375800e+03
1.570205202312138681e+03
1.566300448430493361e+03
1.560506364922206558e+03
1.555456582633053131e+03
1.550396978021977930e+03
1.546253094910591471e+03
1.542016176470588334e+03
1.538034620505992052e+03
1.536446693657220067e+03
1.533055555555555657e+03
1.528719367588932755e+03
1.525597560975609667e+03
1.522379571248423645e+03
1.521257180156658023e+03
1.520849176172370107e+03
1.518933161953727449e+03
1.516914893617021335e+03
1.515510025062656723e+03
1.513084065244667499e+03
1.511582499999999982e+03
1.510786845310596846e+03
1.508616945107398578e+03
1.507423952095808318e+03
1.505267361111111086e+03
1.503292096219931182e+03
1.501190578158458266e+03
1.498845814977973532e+03
1.495973147153598347e+03
1.492883745963401452e+03
1.489822971548999021e+03
1.485784810126582215e+03
1.481935751295336786e+03
1.477551760939167480e+03
1.474089249492900535e+03
1.467986315789473792e+03
1.460863070539419141e+03
1.454828828828828819e+03
1.446419651995905724e+03
1.438424509803921637e+03
1.431677651905252333e+03
1.423115044247787637e+03
1.413930624380574727e+03
1.404584942084941986e+03
1.395355723746452213e+03
1.384571142284569078e+03
1.371816522574447617e+03
1.360528248587570715e+03
1.347530769230769238e+03
1.335021043000914915e+03
1.320837095191364142e+03
1.306819004524886850e+03
1.292133640552995303e+03
1.277691570881225971e+03
1.261363079615048036e+03
1.245208955223880594e+03
1.229056288478451961e+03
1.212749094202898505e+03
1.196528662420382261e+03
1.179918699186991944e+03
1.161745013009540344e+03
1.144162068965517165e+03
1.125998228520814791e+03
1.108509973980919312e+03
1.090448542024013705e+03
1.072171996542783063e+03
1.054060118543607132e+03
1.036523156089193890e+03
1.018720331950207424e+03
1.000842506350550366e+03
9.826898305084745289e+02
9.652999164578111504e+02
9.475898922949461394e+02
9.299669087974173181e+02
9.111628289473684390e+02
8.942189300411522481e+02
8.769975922953451573e+02
8.604357495881383784e+02
8.436484126984126988e+02
8.274210526315789593e+02
8.119079365079364834e+02
7.954782945736434385e+02
7.804043583535109292e+02
7.656325581395349218e+02
7.511464766429137399e+02
7.369826415094339609e+02
7.232552043176560801e+02
7.099197247706422331e+02
6.977029320987654728e+02
6.856268996960486675e+02
6.740696812453669509e+02
6.624499623777276156e+02
6.517507396449703947e+02
6.416079460269864967e+02
6.315854383358098403e+02
6.224876989869753743e+02
6.139154716981131514e+02
6.052687943262411636e+02
5.971422319474835376e+02
5.898862491000719501e+02
5.828312727272726761e+02
5.763202662721893148e+02
5.699669876203575996e+02
5.638353272343420031e+02
5.573305144467934724e+02
5.520529287226535189e+02
5.469202279202279442e+02
5.415262798634812498e+02
5.365432011331445210e+02
5.322190280629705512e+02
5.281007539410554728e+02
5.234323204419889635e+02
5.191572285143238332e+02
5.145152143845090222e+02
5.107563312799452433e+02
5.064973924380703920e+02
5.026568166554734489e+02
4.992274535809018516e+02
4.956461748633879552e+02
4.919799222797927314e+02
4.888971654581410462e+02
4.854180491041805112e+02
4.819030579050097458e+02
4.783802453195610269e+02
4.751632911392405276e+02
4.715003278688524802e+02
4.683527156549520782e+02
4.650330368487929036e+02
4.614852479598242212e+02
4.582365591397849585e+02
4.545479716677398301e+02
4.510500000000000114e+02
4.479439601494395902e+02
4.446466257668711819e+02
4.411423197492163126e+02
4.379128787878788103e+02
4.345771732702542636e+02
4.312167701863353955e+02
4.278064516129032313e+02
4.243169191919191690e+02
4.208702734147760225e+02
4.176192192192192465e+02
4.140150281778334147e+02
4.109302052785923820e+02
4.074750000000000227e+02
4.039511343804537660e+02
4.007894424673784215e+02
3.976254545454545450e+02
3.944166666666666856e+02
3.915074008288928553e+02
3.880852402745995278e+02
3.846958308866705920e+02
3.817995269071555526e+02
3.786774017467249109e+02
3.757948417350527279e+02
3.728803801006148433e+02
3.701362852213916312e+02
3.674105849582172709e+02
3.646198764738910540e+02
3.617233560090703008e+02
3.595113322277501311e+02
3.570142231947483538e+02
3.549663355408388270e+02
3.525787444933920938e+02
3.502151394422310773e+02
3.481789473684210634e+02
3.461754481260184662e+02
3.441267682263329561e+02
3.425290602933188211e+02
3.407733695652173651e+02
3.386756476683937649e+02
3.370887445887445892e+02
3.355571353343865439e+02
3.339086589229144693e+02
3.323248440748440657e+02
3.307923355774209995e+02
3.294262208067940492e+02
3.280309487569761586e+02
3.266484375000000000e+02
3.251415571284125576e+02
3.238874680306905134e+02
3.224756671899529010e+02
3.211638762049720981e+02
3.196965552178318148e+02
3.184888998519980419e+02
3.172735085945399192e+02
3.156834862385321117e+02
3.142709456148946856e+02
3.126848209783156562e+02
3.111097560975609895e+02
3.098336673346693146e+02
3.082442822384428496e+02
3.067042115572967873e+02
3.048765000000000214e+02
3.031464694656488632e+02
3.015194931773879148e+02
2.995822243346007667e+02
2.979048768710767945e+02
2.961558128316449370e+02
2.943545279383429829e+02
2.923007194244604534e+02
2.904223163841808173e+02
2.882811168954093546e+02
2.862873453853472938e+02
2.842212430426716310e+02
2.821480952380952658e+02
2.801417979610750422e+02
2.782189006750240878e+02
2.763606630824372701e+02
2.743262279888785997e+02
2.719233627496516306e+02
2.698575380359612836e+02
2.675571887919155074e+02
2.655095541401273636e+02
2.634431192660550209e+02
2.613372943327239568e+02
2.590823634735899645e+02
2.568671804170444375e+02
2.547566591422121860e+02
2.525495412844036593e+02
2.504479820627802553e+02
2.487046046915725412e+02
2.467346393588601927e+02
2.446110375275938225e+02
2.426013605442176981e+02
2.408077593722755125e+02
2.387236727589207987e+02
2.368030701754385916e+02
2.348604342046965030e+02
2.328630017452007053e+02
2.309468223086900025e+02
2.291909614532565342e+02
2.272468655425853967e+02
2.253909871244635212e+02
2.234354419410745152e+02
2.216517745302714104e+02
2.198610619469026517e+02
2.180861344537815114e+02
2.162810764630499705e+02
2.145975506756756772e+02
2.128739424703891814e+02
2.111243455497382229e+02
2.095514320290439798e+02
2.075344603381014394e+02
2.059196538936959087e+02
2.044497466216216139e+02
2.027092827004219373e+02
2.009983864461476344e+02
1.992638297872340445e+02
1.975788819875776312e+02
1.958586732591676878e+02
1.940378221113882091e+02
1.925709149021174653e+02
1.907506329113924153e+02
1.891558073654391023e+02
1.875028340080971532e+02
1.858766556291390657e+02
1.843346677341873487e+02
1.827443392342527773e+02
1.809782270606531824e+02
1.794959216965742144e+02
1.778602851323828986e+02
1.760973557692307736e+02
1.745916801292407001e+02
1.730293312475557173e+02
1.714810832337714146e+02
1.699356514788169363e+02
1.684352250489236837e+02
1.667656870532168512e+02
1.651216111541440625e+02
1.636745937376139466e+02
1.622949612403100730e+02
1.607431952662721812e+02
1.594505666275888984e+02
1.580722374072627758e+02
1.566873763355757774e+02
1.553237918215613433e+02
1.539867704280155749e+02
1.527501915708812135e+02
1.514112554112554108e+02
1.499939531368102905e+02
1.488242823894491949e+02
1.475870307167235467e+02
1.464456603773584789e+02
1.453207831325301242e+02
1.441819901626939213e+02
1.429014626635873810e+02
1.418906666666666752e+02
1.405785793154214218e+02
1.393960060286360090e+02
1.382719101123595635e+02
1.372289293849658236e+02
1.361700857888847338e+02
1.350885797950219569e+02
1.342642352065500688e+02
1.332570076447033216e+02
1.322765469824293234e+02
1.314806173725771714e+02
1.305131291028446299e+02
1.296672932330827166e+02
1.287877358490566166e+02
1.279366948840633000e+02
1.271470378301213486e+02
1.262087181381603216e+02
1.254986974320803910e+02
1.248168019767031467e+02
1.239745731928804986e+02
1.232682584269662982e+02
1.224285191956124379e+02
1.218619942196531838e+02
1.211950617283950606e+02
1.204482129832239252e+02
1.197605235231694394e+02
1.191327815761065096e+02
1.184906525573192226e+02
1.176960167714884733e+02
1.171473230326985231e+02
1.164583765112262483e+02
1.157682189832918596e+02
1.152254055919917164e+02
1.146608330416520829e+02
1.141079162229322037e+02
1.134553846153846166e+02
1.129692200069954566e+02
1.123539699195522843e+02
1.117339322736696658e+02
1.111903614457831395e+02
1.106414642490591831e+02
1.101828371278458860e+02
1.096180316586373067e+02
1.091131096506399132e+02
1.084604076177748055e+02
1.079371155160628888e+02
1.074291134874094524e+02
1.068882492380629827e+02
1.064356136820925514e+02
1.059986577181208105e+02
1.052849829351535789e+02
1.047808778496087143e+02
1.043148639681486429e+02
1.037910947438901843e+02
1.032553968781135865e+02
1.027049124012366832e+02
1.021910331384015649e+02
1.016383261374958522e+02
1.012422214787554395e+02
1.007881383855024779e+02
1.001391629806056471e+02
9.967196439923712603e+01
9.911580698835274461e+01
9.868384539147670864e+01
9.801860920666013044e+01
9.754959083469721293e+01
9.701290738948047476e+01
9.654400531384922601e+01
9.605162337662338246e+01
9.548697585768742613e+01
9.494606080418436989e+01
9.453966231283848742e+01
9.396267190569744798e+01
9.341335914811229202e+01
9.288603531300159943e+01
9.240345164441549741e+01
9.190777463015423621e+01
9.138550724637681810e+01
9.089198497182216840e+01
9.036630847029077529e+01
8.988766946417042902e+01
8.927746212121212466e+01
8.878292148889583757e+01
8.839287945034352845e+01
8.788457899716178190e+01
8.723892959541255721e+01
8.686370740856517614e+01
8.649105742077188097e+01
8.599628022318660214e+01
8.546528432296575772e+01
8.506842105263157805e+01
8.456881018949984252e+01
8.401115933044017936e+01
8.363264039714552212e+01
8.327177593105571418e+01
8.276433121019108796e+01
8.226245744351594169e+01
8.176816074188562311e+01
8.139345794392522748e+01
8.103196347031963853e+01
8.052052349791790675e+01
7.991982732038236747e+01
7.946205019655276658e+01
7.914055369637968340e+01
7.869603658536586011e+01
7.813815987933635654e+01
7.768853464132433828e+01
7.727924750146972599e+01
7.691461561835308203e+01
7.651905465288035657e+01
7.617812784004847515e+01
7.573833732057416057e+01
7.526177244808422984e+01
7.473569482288827714e+01
7.433430827727406154e+01
7.391157702825888975e+01
7.341159077468952887e+01
7.305532786885245855e+01
7.259934853420195111e+01
7.227016011644832361e+01
7.191701000588581394e+01
7.154869844983913652e+01
7.108014142604596941e+01
7.076830370593552288e+01
7.035599435825105274e+01
6.983752529632842254e+01
6.939615496650159798e+01
6.902856310113669736e+01
6.860686796921255848e+01
6.826491912994980282e+01
6.790131771595901000e+01
6.738185472293999112e+01
6.708321252536967449e+01
6.667852102737792563e+01
6.623627479160678888e+01
6.584379519814868331e+01
6.537323741007193689e+01
6.501256632225634746e+01
6.462446413260931877e+01
6.426653420380357318e+01
6.387607573149741569e+01
6.342034656232532086e+01
6.306234132581100482e+01
6.263825597749648466e+01
6.228427532176832671e+01
6.197990238300315724e+01
6.161783439490445602e+01
6.116377379619260779e+01
6.084872298624754450e+01
6.049170182841069021e+01
6.016062176165802811e+01
5.970731707317073500e+01
5.935785674625208230e+01
5.909437086092714964e+01
5.868032106282867488e+01
5.834554401312192340e+01
5.803958739894061836e+01
5.769046957488190941e+01
5.738332883733477274e+01
5.694809118374072909e+01
5.654431415325879584e+01
5.626804407713498790e+01
5.600674581759309234e+01
5.563541951352828363e+01
5.530126443100604661e+01
5.496345068529964806e+01
5.464816839803171433e+01
5.439830283744365147e+01
5.400835354351927009e+01
5.369022185702547034e+01
5.336390612355003782e+01
5.310040160642570584e+01
5.271276312283506371e+01
5.246026224244045721e+01
5.222309356408869974e+01
5.194370602032838491e+01
5.162393390191897424e+01
5.139314194577352168e+01
5.107754225918969837e+01
5.071553090332805169e+01
5.048089591567852352e+01
5.021821077780727194e+01
4.993833639464707375e+01
4.968999207816213470e+01
4.935519125683060082e+01
4.918887417218542879e+01
4.894111433852653903e+01
4.853096179183135916e+01
4.837477523760595943e+01
4.808292046936114872e+01
4.781799217731420981e+01
4.763032679738562081e+01
4.729467244455773312e+01
4.715086990392106259e+01
4.684013343597639079e+01
4.660572629366955510e+01
4.630432556949065770e+01
4.618992546903109542e+01
4.586021227025627667e+01
4.570544993662864641e+01
4.544685802948021802e+01
4.526139208813219739e+01
4.501412429378530788e+01
4.483026690852552321e+01
4.460776846915460681e+01
4.441848101265822635e+01
4.420541760722347391e+01
4.402528735632184009e+01
4.374049670552458480e+01
4.355388093443858111e+01
4.335433070866141492e+01
4.322611700814614011e+01
4.299719316152079784e+01
4.285625927758535170e+01
4.265301024231825977e+01
4.242998729351969445e+01
4.224856644228371749e+01
4.210922693266832795e+01
4.184468397844194243e+01
4.167813206126035652e+01
4.145590806894828972e+01
4.128073212960672578e+01
4.114001492166127605e+01
4.100604156597390215e+01
4.076593650012306114e+01
4.058778246833871606e+01
4.044613526570048379e+01
4.029957275697411490e+01
4.014390065741417146e+01
3.991122071516645775e+01
3.977140801151355021e+01
3.955458515283842758e+01
3.942311483489403656e+01
3.924786741408725277e+01
3.907207207207207489e+01
3.897213547922171273e+01
3.879903264812575259e+01
3.859586877278250228e+01
3.847926267281106050e+01
3.833668101386896154e+01
3.818374728719556543e+01
3.799022646007151138e+01
3.788840474461389363e+01
3.778214539426947738e+01
3.754249939802552660e+01
3.740972716488730754e+01
3.732435057052682481e+01
3.712280701754386314e+01
3.694653418500118391e+01
3.685144494865058817e+01
3.662167255594817306e+01
3.648132286462050899e+01
3.641260879792989869e+01
3.620520162252445573e+01
3.605148607535689109e+01
3.590866067203028678e+01
3.581396973224679670e+01
3.558525238427541382e+01
3.544052443384982354e+01
3.531622128457571819e+01
3.526303645592985703e+01
3.511108539689886499e+01
3.496784640296090885e+01
3.476879026485325852e+01
3.459385665529010367e+01
3.446059750646906394e+01
3.432221968485955443e+01
3.413966999767603738e+01
3.400542069290596459e+01
3.389262350552672842e+01
3.378045950336505143e+01
3.363429092567259460e+01
3.351394241668555907e+01
3.334595842956120038e+01
3.318754262332348048e+01
3.304417855499309553e+01
3.293249138920780439e+01
3.277124183006535674e+01
3.264959816303100126e+01
3.250505731625084138e+01
3.238839183298922109e+01
3.224062008537407564e+01
3.204081172491544294e+01
3.193616532721010159e+01
3.181446751507032644e+01
3.165728439540643890e+01
3.150994413407821071e+01
3.142709037638043768e+01
3.126609442060085797e+01
3.109513225161147076e+01
3.097731316725978701e+01
3.084166111481234651e+01
3.069133288074224808e+01
3.062374469984378322e+01
3.041712524763372372e+01
3.030961409770243264e+01
3.010703910614525114e+01
2.996169088507265599e+01
2.984121398724433760e+01
2.972065675615709068e+01
2.962983184101332057e+01
2.952173913043478137e+01
2.935572084882957711e+01
2.920565832426550656e+01
2.913672391017173169e+01
2.900021691973969595e+01
2.883070778788551181e+01
2.871699332328235954e+01
2.857583094871230500e+01
2.843489755452742784e+01
2.835987055016181202e+01
2.823195317580750086e+01
2.808722808528968429e+01
2.795719589430006380e+01
2.788069557561082945e+01
2.775410872313527122e+01
2.753145336225596651e+01
2.739314040728831756e+01
2.731237763758973358e+01
2.718341547032354910e+01
2.706291040033891093e+01
2.699782939005860527e+01
2.685039037771681691e+01
2.676883451384417256e+01
2.650714133447026200e+01
2.644643237486688037e+01
2.637302103665148678e+01
2.629689807976366467e+01
2.610192837465564608e+01
2.599142079933040250e+01
2.588383514840914046e+01
2.576865190281660034e+01
2.563638240759859599e+01
2.555385595920968811e+01
2.533968187526161486e+01
2.530842708554446929e+01
2.518168544013349930e+01
2.507617268576172620e+01
2.496024791622141592e+01
2.488425443169968787e+01
2.473597497393117806e+01
2.467565885038389695e+01
2.454323817461971302e+01
2.439856449229469959e+01
2.432082051282051438e+01
2.425005192107995811e+01
2.410605128205128267e+01
2.399059954042197518e+01
2.386801080856370660e+01
2.377229136910834484e+01
2.365557648043523642e+01
2.352467478835432502e+01
2.349095022624434392e+01
2.339590032154340804e+01
2.336208316179497757e+01
2.319531411984242197e+01
2.309025641025640851e+01
2.294872838250254432e+01
2.284758439458257584e+01
2.276580844490216293e+01
2.267056410256410359e+01
2.251671671671671504e+01
2.245074444217825871e+01
2.240141271442987048e+01
2.230941054808686630e+01
2.223933697190216208e+01
2.215807286482181837e+01
2.204957334416903691e+01
2.195567977640247648e+01
2.188076048770406956e+01
2.179041445688469736e+01
2.169552179128348612e+01
2.161211391897312595e+01
2.156909272183449744e+01
2.150517136483471958e+01
2.133116499112950848e+01
2.123606889564336342e+01
2.116775728732897122e+01
2.112413793103448256e+01
2.102669074854505382e+01
2.094079336885731379e+01
2.086117267781583706e+01
2.078248756218905413e+01
2.074369910818146678e+01
2.065328031809145060e+01
2.049560975609756142e+01
2.043004032258064484e+01
2.036707867372964387e+01
2.033989266547406061e+01
2.023201902120071338e+01
2.017817817817817883e+01
2.004199004975124510e+01
1.997380432625520896e+01
1.993868583982424525e+01
1.985728562862282587e+01
1.974894894894895003e+01
1.971747436155238375e+01
1.965737607007764254e+01
1.960651426259356711e+01
1.957439584581585734e+01
1.952052578361981716e+01
1.941109101868595488e+01
1.933606066653362632e+01
1.922702262074587409e+01
1.915999210889721738e+01
1.913703929953166494e+01
1.913977844914400706e+01
1.903848503359804667e+01
1.893949748743718686e+01
1.890336050904752341e+01
1.884310520939734346e+01
1.877762125176091601e+01
1.867603339442068844e+01
1.862785065590312783e+01
1.855778794509647867e+01
1.854210635216221803e+01
1.846114499311430279e+01
1.841781526434889926e+01
1.841161161161161175e+01
1.829362992922143505e+01
1.820077852898996085e+01
1.817623840536806767e+01
1.813496432212028608e+01
1.805825045666734496e+01
1.804077471967380220e+01
1.795501519756838960e+01
1.783569292123629069e+01
1.780793618326856276e+01
1.775987041911318087e+01
1.771402696719662018e+01
1.767064535707060458e+01
1.757435585311422344e+01
1.757799471222289966e+01
1.747493456814978785e+01
1.743305818401449514e+01
1.734496045426891087e+01
1.731195630184098633e+01
1.728775046478000377e+01
1.718199880786806943e+01
1.713681441003845407e+01
1.707196584671681094e+01
1.705920917844704121e+01
1.700835488362840664e+01
1.693532837919260814e+01
1.682823094308609058e+01
1.681021021021021156e+01
1.675518839411646255e+01
1.669807497467072110e+01
1.664652567975830877e+01
1.659905369265583275e+01
1.651001388062661235e+01
1.650211992731677668e+01
1.644204204204204345e+01
1.642259840913726165e+01
1.633360773821774004e+01
1.629898749255509216e+01
1.621072952651899968e+01
1.615316936612677523e+01
1.604657311368720940e+01
1.607393307954317763e+01
1.597461212976022615e+01
1.597901812996536997e+01
1.588710002012477318e+01
1.586969636034586806e+01
1.578442280945757936e+01
1.570014259523324540e+01
1.567053553247811060e+01
1.559203487220130846e+01
1.556304568527918697e+01
1.549109465679407727e+01
1.544615696613263012e+01
1.543064223877592056e+01
1.531811839744867498e+01
1.526154159040065039e+01
1.521129000198767578e+01
1.520815494393476008e+01
1.511346115833168646e+01
1.504883955600403667e+01
1.506851814311777815e+01
1.497498499099459757e+01
1.492477432296890605e+01
1.485262734044695065e+01
1.487721041128551569e+01
1.477388991201145885e+01
1.471221896383186767e+01
1.458044228038141554e+01
1.457478589922326151e+01
1.449320900060814843e+01
1.445982053838484482e+01
1.437290144183290508e+01
1.432799513480640563e+01
1.427432567432567367e+01
1.420383451059535851e+01
1.413742403450303797e+01
1.410046305617072626e+01
1.408972037819352252e+01
1.403215498302376751e+01
1.399920175613650031e+01
1.391160767253312258e+01
1.383966244725738370e+01
1.381228737242345339e+01
1.375914573858018564e+01
1.369001400840504346e+01
1.368513804581946403e+01
1.362172056131787734e+01
1.363327370304114439e+01
1.357739165168763762e+01
1.347151708974615225e+01
1.347148736037624950e+01
1.342917933130699026e+01
1.338933229511387957e+01
1.331043460845183191e+01
1.329604338220526216e+01
1.318140364789849350e+01
1.313304633046330494e+01
1.304634438673591745e+01
1.301163757273482879e+01
1.292508278145695400e+01
1.288866231647634564e+01
1.286459209419680327e+01
1.278456458935204232e+01
1.272723457826269389e+01
1.273393155258764686e+01
1.268595904722106127e+01
1.257491438356164437e+01
1.253633720930232620e+01
1.253162139219015359e+01
1.252073732718893950e+01
1.252307366638441977e+01
1.240138708279150492e+01
1.239847068819031506e+01
1.235807952622673511e+01
1.232308018667798066e+01
1.222902397260273943e+01
1.222752930959617856e+01
1.218956743002544485e+01
1.213705473501303267e+01
1.209712075633863293e+01
1.201278162911611780e+01
1.200709067468844005e+01
1.201534803285776043e+01
1.197092013888888928e+01
1.189125659050966632e+01
1.186845521419298954e+01
1.185127539991353274e+01
1.182468382032272203e+01
1.174978354978354922e+01
1.172001783325902835e+01
1.166957660410301223e+01
1.165054229934924024e+01
1.158876651982378903e+01
1.155794556628621628e+01
1.148436811977102678e+01
1.154017660044150162e+01
1.143625937362152634e+01
1.142888888888888843e+01
1.138236568457539022e+01
1.138837516512549541e+01
1.127125775022143550e+01
1.132862903225806406e+01
1.129284750337381915e+01
1.128791829639287236e+01
1.122595078299776361e+01
1.116850706713780994e+01
1.111948694869486864e+01
1.105777777777777793e+01
1.106390977443609103e+01
1.103073770491803351e+01
1.098324514991181644e+01
1.097818263607737244e+01
1.090749887741356083e+01
1.088082437275985725e+01
1.083868778280542955e+01
1.083222517730496470e+01
1.076288426763110273e+01
1.076166148378498377e+01
1.071542311191992702e+01
1.071809480401093850e+01
1.073409893992932851e+01
1.065059687786960474e+01
1.065748207885304666e+01
1.062677021470991257e+01
1.063531278331822350e+01
1.056792873051225001e+01
1.050714944649446458e+01
1.050495942290351614e+01
1.048785425101214663e+01
1.046032110091743128e+01
1.037285843101893512e+01
1.039534883720930303e+01
1.036901030004478308e+01
1.036163377696190935e+01
1.030316223648029350e+01
1.030918967858759672e+01
1.028429561200923814e+01
1.021531531531531556e+01
1.026020174232003690e+01
1.017150760719225389e+01
1.016904323827046852e+01
1.021247165532879819e+01
1.017786922725194287e+01
1.013449883449883515e+01
1.005606617647058876e+01
1.004462242562929042e+01
1.003328741965105664e+01
9.986411791801012683e+00
9.941588785046729271e+00
9.899684400360685643e+00
9.882626921285513788e+00
9.871027176416397708e+00
9.885834109972041261e+00
9.872125114995400352e+00
9.815536205316224283e+00
9.730534709193245035e+00
9.742673992673992700e+00
9.712980318650421552e+00
9.723112128146453870e+00
9.700417052826692199e+00
9.653991497401984034e+00
9.629114510894760670e+00
9.527480204937122110e+00
9.522288602941175739e+00
9.557262569832401411e+00
9.502868068833652870e+00
9.484559491371481244e+00
9.450608614232208993e+00
9.431331471135941058e+00
9.367977528089888040e+00
9.343118835133866540e+00
9.322887650882080379e+00
9.350539652745190722e+00
9.320138888888889639e+00
9.286805058458602602e+00
9.233180612490956563e+00
9.203600097299927896e+00
9.127371273712737931e+00
9.077242727939379918e+00
9.094584660622397010e+00
9.039910202045398080e+00
9.060334081276490537e+00
9.044847568657091941e+00
9.007036943955768038e+00
9.031353555952078338e+00
8.974065598779557007e+00
8.890135100688249636e+00
8.955482065632153876e+00
8.944544751096207946e+00
8.835035349567949226e+00
8.841020355578459444e+00
8.814901960784313317e+00
8.840564826700898493e+00
8.770130215253786332e+00
8.759026477667825716e+00
8.708474576271186152e+00
8.669475902027917513e+00
8.696433289299868363e+00
8.657705616183124064e+00
8.598710717163577044e+00
8.542720255523024164e+00
8.502304147465437723e+00
8.553089061246321734e+00
8.503146374829000820e+00
8.491367861885789736e+00
8.442798353909465092e+00
8.461666205369498428e+00
8.451044209384322770e+00
8.398994132439229432e+00
8.397912764249397810e+00
8.350097249235899355e+00
8.289042995839112749e+00
8.251044859292282041e+00
8.265107212475633958e+00
8.255993386607881845e+00
8.220775544862723549e+00
8.240414217744191916e+00
8.204375519246745796e+00
8.192830297773923576e+00
8.168834763354553274e+00
8.145538550389835208e+00
8.138152386268490801e+00
8.124110446911471328e+00
8.021141036779612321e+00
8.001130262786098513e+00
8.027769657994738850e+00
8.031647358010737037e+00
7.965696166042087079e+00
7.907153284671532667e+00
7.964316546762590043e+00
7.874742722728608868e+00
7.889396970563018030e+00
7.829636202307010073e+00
7.871263687481503624e+00
7.832330180567497635e+00
7.878651008732309613e+00
7.783212735166425311e+00
7.793740685543964375e+00
7.762481536189069331e+00
7.675651919132727485e+00
7.655545536519387184e+00
7.673140125485509166e+00
7.662166216621661974e+00
7.587183308494783951e+00
7.586622476649592883e+00
7.615315043714199206e+00
7.569198438907235094e+00
7.560279380504099755e+00
7.501650165016501504e+00
7.525053796495542180e+00
7.511077389984825103e+00
7.464818763326226403e+00
7.461888855147281951e+00
7.426646248085758018e+00
7.400374181478016844e+00
7.387321807703973064e+00
7.399875814964296694e+00
7.382848392036753360e+00
7.326447574334898682e+00
7.302536799248355415e+00
7.283267054144998198e+00
7.319121858097359379e+00
7.276172724448586315e+00
7.249294449670743212e+00
7.210559595320898296e+00
7.192700278379214218e+00
7.189049919484702400e+00
7.128495130380144928e+00
7.082101289713746084e+00
7.126071768815497087e+00
7.126071768815497087e+00
7.095899257345818611e+00
7.069247717972930722e+00
7.040257648953301306e+00
7.032206119162641045e+00
6.995147201552895488e+00
7.054568937681627183e+00
7.018629617934954545e+00
6.996726677577741249e+00
6.933202997719126515e+00
6.946770529049009824e+00
6.922427783187276695e+00
6.923703945223345535e+00
6.879418566237198718e+00
6.892610837438423843e+00
6.791273200911755126e+00
6.780375370431346305e+00
6.771088322858087594e+00
6.816134453781512725e+00
6.768431308866515117e+00
6.727485771677268467e+00
6.755533531549389181e+00
6.721040189125295328e+00
6.700566855618539819e+00
6.711711711711711992e+00
6.720603015075377051e+00
6.672327672327672765e+00
6.701395982294858555e+00
6.630924369747899227e+00
6.597837107130787082e+00
6.598419787014771387e+00
6.592382225192115364e+00
6.598284734133790685e+00
6.514139693356047367e+00
6.521025641025641306e+00
6.531019978969506035e+00
6.501500500166722318e+00
6.485283560660445090e+00
6.471194879089615881e+00
6.423274596182085183e+00
6.441241685144124318e+00
6.422821270310191899e+00
6.466127790608160453e+00
6.430681818181818166e+00
6.472501936483346263e+00
6.394858019953952422e+00
6.380933544303797333e+00
6.448954983922829953e+00
6.445703124999999645e+00
6.372660699755899216e+00
6.398393574297188913e+00
6.331003289473684070e+00
6.317764804003336288e+00
6.349755700325732555e+00
6.254692832764504828e+00
6.201249999999999929e+00
6.287723785166240198e+00
6.257446808510638725e+00
6.233988044406490125e+00
6.238786279683377067e+00
6.266435986159169858e+00
6.210272168568920392e+00
6.184608540925267128e+00
6.153948535936113906e+00
6.099450045829514444e+00
6.136403897254207429e+00
6.122831050228310090e+00
6.117619926199261648e+00
6.218750000000000000e+00
6.086303939962476761e+00
6.041589648798521672e+00
6.083254493850520639e+00
6.106362773029439417e+00
6.095306513409961546e+00
5.989952153110047917e+00
6.016330451488952846e+00
6.081041257367386876e+00
6.001480750246791729e+00
6.003438113948919685e+00
6.040726202158979596e+00
6.016751269035532701e+00
5.923464249748237265e+00
6.026315789473684070e+00
5.928936605316973640e+00
5.933502538071065757e+00
5.936908517350158121e+00
5.902691511387163636e+00
5.905956112852664752e+00
5.864316239316239354e+00
5.876683937823834469e+00
5.747530186608122982e+00
5.870389884088513810e+00
5.854625550660792932e+00
5.874313940724478655e+00
5.875067312870220881e+00
5.776027011817670420e+00
5.809729729729729897e+00
5.828160919540230189e+00
5.722346368715084175e+00
5.720066518847006343e+00
5.730455075845974022e+00
5.708959376739009883e+00
5.712368728121353989e+00
5.756521739130434412e+00
5.682621082621082564e+00
5.598203592814371632e+00
5.691108545034642141e+00
5.646846846846846901e+00
5.651995305164319028e+00
5.622485207100591964e+00
5.604039167686658551e+00
5.595066185318892771e+00
5.614355231143552061e+00
5.553818400481058681e+00
5.538461538461538325e+00
5.540726817042606278e+00
5.491389913899139330e+00
5.532156368221942344e+00
5.546576187538556191e+00
5.524854744996772205e+00
5.399623588456712753e+00
5.442159383033419395e+00
5.574838709677419679e+00
5.479820627802690858e+00
5.417001338688085532e+00
5.401269841269841443e+00
5.442524916943521696e+00
5.368245496997998245e+00
5.290558510638297740e+00
5.357094365241004574e+00
5.359447004608295373e+00
5.429655172413792918e+00
5.328813559322034266e+00
5.308060109289617579e+00
5.268551236749116740e+00
5.343475321162947544e+00
5.278017241379310498e+00
5.287680660701996160e+00
5.203546099290780269e+00
5.178699070764832157e+00
5.289473684210526550e+00
5.171470805617147448e+00
5.177746675997200398e+00
5.178597785977859580e+00
5.271865889212827838e+00
5.174626865671641873e+00
5.252252252252252340e+00
5.246376811594203105e+00
5.154552410099464410e+00
5.192162773172570134e+00
5.124809741248097517e+00
5.152123552123551775e+00
5.083333333333333037e+00
5.034290271132376482e+00
5.040550879877581991e+00
5.120879120879120450e+00
5.059476605868358234e+00
5.073692551505546433e+00
5.044407894736842479e+00
5.078064012490242085e+00
5.013980263157894690e+00
5.015459723352319266e+00
5.007444168734491718e+00
4.968200836820083843e+00
5.003257328990227570e+00
4.998303647158609309e+00
4.973421926910298829e+00
4.896669513236550308e+00
4.950847457627118864e+00
4.957502168256721298e+00
4.901069518716577811e+00
4.940033783783784216e+00
4.892105263157894512e+00
4.789612676056338003e+00
4.831511839708561240e+00
4.888073394495412671e+00
4.787826086956521898e+00
4.834097158570119568e+00
4.881662149954832941e+00
4.936613055818353857e+00
4.885426214482126106e+00
4.833955223880597174e+00
4.748084291187739225e+00
4.770232558139534618e+00
4.838021338506304225e+00
4.772296015180265805e+00
4.808447937131630212e+00
4.654187192118226513e+00
4.665085388994307358e+00
4.637096774193548043e+00
4.718992248062015449e+00
4.672690763052209206e+00
4.683943089430893991e+00
4.754643206256109700e+00
4.755946225439503294e+00
4.685370741482965506e+00
4.853734439834024528e+00
4.622816032887975268e+00
4.680612244897958796e+00
4.620253164556961778e+00
4.633642930856552766e+00
4.610169491525423879e+00
4.632911392405063111e+00
4.584388185654008296e+00
4.687363834422657582e+00
4.689146469968387798e+00
4.578657865786579073e+00
4.508004268943436088e+00
4.582513661202185951e+00
4.511111111111111072e+00
4.531284302963776156e+00
4.622727272727273018e+00
4.530253025302529934e+00
4.524663677130044803e+00
4.482876712328766722e+00
4.400452488687783159e+00
4.369463869463869443e+00
4.471783295711061257e+00
4.556844547563804859e+00
4.496511627906977004e+00
4.521126760563380031e+00
4.542111506524317832e+00
4.493506493506493449e+00
4.395209580838323582e+00
4.425328554360812738e+00
4.284680337756332946e+00
4.297460701330108712e+00
4.375464684014869654e+00
4.263681592039801238e+00
4.408980582524272052e+00
4.337092731829573999e+00
4.351418002466091117e+00
4.382352941176471006e+00
4.339768339768339978e+00
4.393977415307403156e+00
4.297402597402597557e+00
4.328263624841572010e+00
4.322751322751322789e+00
4.262745098039215641e+00
4.323337679269882550e+00
4.378048780487804770e+00
4.236739974126778385e+00
4.255878284923928057e+00
4.341333333333333044e+00
4.247606019151846546e+00
4.274618585298196827e+00
4.195945945945945610e+00
4.121602288984263396e+00
4.253751705320600429e+00
4.330965909090909172e+00
4.252136752136752129e+00
4.204225352112676006e+00
4.128888888888888609e+00
4.136619718309859195e+00
4.119645494830132648e+00
4.052708638360175364e+00
4.184480234260615106e+00
4.181395348837209092e+00
3.988439306358381398e+00
4.053435114503816550e+00
4.057838660578386936e+00
4.199088145896656243e+00
4.115015974440894730e+00
4.118086696562032856e+00
4.157142857142857473e+00
4.020504731861199055e+00
4.028301886792452713e+00
4.066235864297254032e+00
4.088566827697262873e+00
4.224052718286655406e+00
4.016286644951139628e+00
4.088524590163934214e+00
3.931780366056572440e+00
4.089225589225589097e+00
4.042881646655231975e+00
4.067567567567567544e+00
3.984615384615384670e+00
3.940068493150684859e+00
4.061728395061728669e+00
3.933216168717047267e+00
3.953571428571428736e+00
3.976618705035971146e+00
3.936395759717314480e+00
3.925788497217068684e+00
4.061041292639138156e+00
3.956685499058380628e+00
3.893939393939394034e+00
4.020072992700729486e+00
3.918762088974855118e+00
3.889305816135084637e+00
3.923076923076922906e+00
3.916015625000000000e+00
3.842307692307692424e+00
4.002028397565922546e+00
3.933593750000000000e+00
3.933884297520661377e+00
3.775757575757575868e+00
3.729124236252545632e+00
3.701716738197424750e+00
3.794354838709677491e+00
3.943107221006564522e+00
3.857740585774058761e+00
3.759219088937093112e+00
3.706278026905829748e+00
3.727272727272727071e+00
3.558086560364464912e+00
3.782894736842105310e+00
3.714285714285714413e+00
3.764840182648401701e+00
3.756818181818181834e+00
3.875912408759123906e+00
3.824200913242008948e+00
3.876811594202898448e+00
3.729665071770334794e+00
3.683698296836983133e+00
3.655440414507772129e+00
3.582547169811320931e+00
3.618798955613577117e+00
3.770370370370370150e+00
3.719895287958115304e+00
3.605820105820106036e+00
3.779746835443038133e+00
3.738028169014084412e+00
3.593264248704663100e+00
3.688202247191011196e+00
3.587431693989071135e+00
3.674931129476584069e+00
3.555555555555555358e+00
3.798913043478260754e+00
3.576576576576576461e+00
3.605714285714285872e+00
3.723723723723723733e+00
3.448717948717948900e+00
3.589595375722543391e+00
3.456591639871382515e+00
3.435045317220543737e+00
3.496774193548386922e+00
3.789644012944983764e+00
3.445901639344262080e+00
3.604095563139931624e+00
3.509740259740259827e+00
3.622377622377622508e+00
3.442176870748299145e+00
3.360714285714285765e+00
3.319702602230483190e+00
3.470383275261323952e+00
3.340909090909090828e+00
3.509225092250922717e+00
3.551724137931034697e+00
3.269531250000000000e+00
3.550781250000000000e+00
3.232653061224489921e+00
3.435483870967741993e+00
3.421487603305785274e+00
3.370689655172413701e+00
3.643776824034334894e+00
3.504424778761062065e+00
3.372807017543859587e+00
3.602739726027397449e+00
3.437209302325581195e+00
3.342723004694835520e+00
3.314999999999999947e+00
3.490476190476190510e+00
3.343434343434343425e+00
3.362694300518134671e+00
3.180851063829787329e+00
3.114130434782608869e+00
3.349462365591397983e+00
3.284090909090909172e+00
3.238372093023255793e+00
3.317647058823529616e+00
3.345679012345679215e+00
3.084848484848484951e+00
3.211538461538461675e+00
3.117647058823529438e+00
3.141935483870967882e+00
3.263513513513513598e+00
3.282894736842105310e+00
3.190476190476190688e+00
3.069930069930070005e+00
3.083333333333333481e+00
3.181159420289854989e+00
3.078014184397162900e+00
3.429629629629629584e+00
2.924242424242424310e+00
3.052238805970149294e+00
2.976923076923077005e+00
2.906250000000000000e+00
3.248000000000000220e+00
3.295081967213114638e+00
3.180327868852458995e+00
3.057851239669421517e+00
3.198275862068965303e+00
3.103448275862068950e+00
2.732142857142857206e+00
2.937500000000000000e+00
3.333333333333333481e+00
3.301886792452830122e+00
2.962616822429906538e+00
3.225490196078431460e+00
3.101010101010101216e+00
2.818181818181818343e+00
3.031578947368421151e+00
3.231578947368420884e+00
3.000000000000000000e+00
3.079545454545454586e+00
2.876404494382022392e+00
2.576470588235294290e+00
3.154761904761904656e+00
2.952380952380952550e+00
3.256410256410256387e+00
3.272727272727272929e+00
3.089743589743589869e+00
3.465753424657534332e+00
3.257142857142857117e+00
3.214285714285714413e+00
3.030769230769230660e+00
2.884057971014492683e+00
2.983870967741935498e+00
2.700000000000000178e+00
3.083333333333333481e+00
3.160714285714285587e+00
3.109090909090908905e+00
2.851851851851851638e+00
2.839999999999999858e+00
2.877551020408163129e+00
2.958333333333333481e+00
3.309523809523809312e+00
2.711111111111111249e+00
2.899999999999999911e+00
2.621621621621621490e+00
2.666666666666666519e+00
2.588235294117647189e+00
2.468750000000000000e+00
2.500000000000000000e+00
2.740740740740740922e+00
2.185185185185185119e+00
2.359999999999999876e+00
2.045454545454545414e+00
2.549999999999999822e+00
2.263157894736842035e+00
3.000000000000000000e+00
3.266666666666666607e+00
3.833333333333333481e+00
3.100000000000000089e+00
2.500000000000000000e+00
2.142857142857142794e+00
2.333333333333333481e+00
2.666666666666666519e+00
0.000000000000000000e+00
