0.000000000000000000e+00
0.000000000000000000e+00
0.000000000000000000e+00
0.000000000000000000e+00
0.000000000000000000e+00
0.000000000000000000e+00
0.000000000000000000e+00
0.000000000000000000e+00
0.000000000000000000e+00
0.000000000000000000e+00
0.000000000000000000e+00
0.000000000000000000e+00
0.000000000000000000e+00
0.000000000000000000e+00
0.000000000000000000e+00
0.000000000000000000e+00
0.000000000000000000e+00
0.000000000000000000e+00
0.000000000000000000e+00
0.000000000000000000e+00
0.000000000000000000e+00
0.000000000000000000e+00
0.000000000000000000e+00
0.000000000000000000e+00
0.000000000000000000e+00
0.000000000000000000e+00
0.000000000000000000e+00
0.000000000000000000e+00
0.000000000000000000e+00
0.000000000000000000e+00
0.000000000000000000e+00
0.000000000000000000e+00
0.000000000000000000e+00
0.000000000000000000e+00
0.000000000000000000e+00
0.000000000000000000e+00
0.000000000000000000e+00
0.000000000000000000e+00
0.000000000000000000e+00
0.000000000000000000e+00
0.000000000000000000e+00
0.000000000000000000e+00
0.000000000000000000e+00
0.000000000000000000e+00
0.000000000000000000e+00
0.000000000000000000e+00
0.000000000000000000e+00
0.000000000000000000e+00
1.022798437500000000e+04
4.197357340720222055e+03
4.124525564803804627e+03
3.550244260789715099e+03
5.533487216946677108e+03
6.318161564625850588e+03
4.561597222222221717e+03
2.853673177083333485e+03
4.755624462809917532e+03
6.574358024691357969e+03
4.961722130177514373e+03
5.620006835937500000e+03
6.887311161501636889e+03
5.430078889700511354e+03
5.496802405881042432e+03
5.683238102320047801e+03
7.528393658289759514e+03
6.805385912698412540e+03
6.817615062195782230e+03
5.070256802721089116e+03
6.829744341330920179e+03
9.149857505132231381e+03
7.419868055555554747e+03
5.700635827664398676e+03
3.687669625548413478e+03
5.422674644073718810e+03
5.079308480725623667e+03
5.532968670280612059e+03
5.985495069033530854e+03
5.517221625708884858e+03
8.434645112456746574e+03
8.711498263888888687e+03
8.721567335640138481e+03
1.042147622707073424e+04
1.051616604595379431e+04
7.584822615047478394e+03
9.695553892921105216e+03
1.113182838700283901e+04
1.199876361694553270e+04
1.348067096831612616e+04
1.695378457868218902e+04
1.753904591682420141e+04
1.913426834937415333e+04
1.863458571694693819e+04
1.812761510726518463e+04
1.651612598425196848e+04
1.927924644542858732e+04
2.556768949245542171e+04
2.550806015306122572e+04
2.584444335748920639e+04
2.468429425640891714e+04
2.244630238076842215e+04
2.580848839796566972e+04
2.439463973427934252e+04
2.707122241861422299e+04
2.870482565789473665e+04
2.464411332415059587e+04
2.368308874925639611e+04
2.233428064836929843e+04
2.055185425442975247e+04
1.918055916502389300e+04
1.977699514838747200e+04
1.831420074175549234e+04
1.783988495971680823e+04
1.682040330529541097e+04
1.662751045749842160e+04
1.716789749999999913e+04
1.899875510204081729e+04
1.971536956257010024e+04
2.084385676002989203e+04
2.146820289064797544e+04
2.174346079897807431e+04
2.290459623111189285e+04
2.366224415224913173e+04
2.402273489182169214e+04
2.343001840276816802e+04
2.228367954028925669e+04
2.020937628868630418e+04
1.763278724919439628e+04
1.405280767385856598e+04
1.127330830465400686e+04
8.894114058019904405e+03
6.942749274510851137e+03
5.470490283348749472e+03
4.221397944973465201e+03
3.121359615999999733e+03
2.344018273889083503e+03
1.696140969745012853e+03
1.450649787304963411e+03
1.267723024237710661e+03
1.207029663273073083e+03
1.125742589163237426e+03
9.864070414553184492e+02
8.818707337380870968e+02
7.537599109935492834e+02
7.427669313724575204e+02
6.964479772849527990e+02
6.477951552032016025e+02
6.365174551006676893e+02
7.191466208476517750e+02
7.066831628842287500e+02
6.539826692804253980e+02
6.078374999999999773e+02
6.519043215798786832e+02
6.383685017599999583e+02
5.690877948565629367e+02
5.455984396499455897e+02
5.409298544337608519e+02
5.231528132457735865e+02
5.094835009880300163e+02
4.854147225600000297e+02
4.074469664902998147e+02
3.777316591397568004e+02
4.521896265384469871e+02
4.470606238989479948e+02
4.025870534270747498e+02
3.902991736198735566e+02
4.551775451902836949e+02
4.340517337301507155e+02
3.748977671256718622e+02
3.699708040078776889e+02
3.818630128456708235e+02
4.015728067901666805e+02
3.902659147923875480e+02
4.055513979585143147e+02
3.626574148440757881e+02
3.823017916290274343e+02
3.451215089544699595e+02
3.388095875470949636e+02
3.524725713168025436e+02
3.570317695941753868e+02
4.097605221349962221e+02
4.043477177655447576e+02
3.685910047133385206e+02
3.880769671672916843e+02
3.699289430722802194e+02
3.839106937499998935e+02
3.977608988177277070e+02
3.799141281377982295e+02
3.970130789917172365e+02
3.961657865547840061e+02
3.949834083206386026e+02
3.712142152974244595e+02
3.963176366706126714e+02
3.775599663575080172e+02
3.687055377438615551e+02
3.795787768390218844e+02
3.997216258078299802e+02
4.747875819485086595e+02
4.310968405490398823e+02
3.967729675908973377e+02
4.090850759002769905e+02
4.194605034348581967e+02
4.444962259556854747e+02
4.396457959894356122e+02
4.337286149557862700e+02
4.940145263093140784e+02
5.311106586263606459e+02
5.292479124941925193e+02
5.263431709425917688e+02
5.471449837950179926e+02
6.673471431841639969e+02
7.077943859862820091e+02
7.283866784768106299e+02
7.956990532544378993e+02
8.551990082442625862e+02
8.974140900900554243e+02
9.622314940316537104e+02
1.006215319926097322e+03
1.045858894467198070e+03
1.078773685004160143e+03
1.163857457117398326e+03
1.164753208036393289e+03
1.148970560773734405e+03
1.188298314043455775e+03
1.271603146275365361e+03
1.251721625173291159e+03
1.256094423305588407e+03
1.243803362672313369e+03
1.262386934344509655e+03
1.312719050189915151e+03
1.326425905521163486e+03
1.291434997107031222e+03
1.329273477517660240e+03
1.277914316902257042e+03
1.349584001846911406e+03
1.362174981327204932e+03
1.370582564738217116e+03
1.344207122357910976e+03
1.315052173737444718e+03
1.307527763049688474e+03
1.269163592270826030e+03
1.195960668360261707e+03
1.200179974026255877e+03
1.163594640337616738e+03
1.149076446024723964e+03
1.068953429075333815e+03
9.971813118202030637e+02
9.610140568723899150e+02
9.079099477194881729e+02
8.547030101512755209e+02
8.017363024563902627e+02
7.817074227994262401e+02
7.140845344808236632e+02
6.504541889336610438e+02
5.811563888683585901e+02
5.259224981192999167e+02
5.049487753936184049e+02
4.633084314055880100e+02
4.506386475053327558e+02
3.911268013308929312e+02
3.458128009282044673e+02
3.146328549661801617e+02
3.054334233690458404e+02
2.802211996865359538e+02
2.474111068090794845e+02
2.206449856528925579e+02
2.152916602841287386e+02
1.968283462213047983e+02
1.831832980808135289e+02
1.812854043160351125e+02
1.671284617824989311e+02
1.472771121987645984e+02
1.456322445223590591e+02
1.376730628405653079e+02
1.280615407391166514e+02
1.181810755110794275e+02
1.230934857757699632e+02
1.204589567425846610e+02
1.157062000577737138e+02
1.103047597095554408e+02
1.026515577377785320e+02
1.070648981268951871e+02
1.020404399348479103e+02
1.000319115978380893e+02
9.235646217012536852e+01
9.149502822114042999e+01
9.276883149592984523e+01
9.338227431870295447e+01
9.080764074033477584e+01
8.945181701650376738e+01
8.627098349905939756e+01
8.667431371148016694e+01
8.613105596179337908e+01
8.280847666481851377e+01
8.043360334074662887e+01
8.114402840357590208e+01
8.146268987341771606e+01
8.785613724374192657e+01
8.538555609921337464e+01
8.846689242440619694e+01
8.741538969237832646e+01
8.750601944898392048e+01
9.307040199066395303e+01
8.671164296450456277e+01
8.574552182175290227e+01
9.063413087347005614e+01
8.747422521620718783e+01
8.892025004616907324e+01
8.534351579363782037e+01
8.561842261904762097e+01
8.171721657240148318e+01
8.356124085167218141e+01
8.173971570247933016e+01
8.194600340136054228e+01
8.064781378901055575e+01
8.111229931297749829e+01
7.888105719277473327e+01
8.079186257925826453e+01
7.879603953728953059e+01
8.164372485771889387e+01
7.879955357268391936e+01
8.134025325044865440e+01
7.284367625949519720e+01
7.234343423516240534e+01
6.908333204786072201e+01
6.695081132633008281e+01
6.454684365259110734e+01
5.941001460705915349e+01
6.425921780696306485e+01
6.400038548140959449e+01
5.552166204986150433e+01
5.757541024187727174e+01
5.439796681352797947e+01
5.239255582526205757e+01
4.984048647211720606e+01
4.947096136809042122e+01
4.845749236333650600e+01
4.766221738610799008e+01
4.818437064079418519e+01
4.834406052662289710e+01
4.648354560670419744e+01
4.364689208712547241e+01
4.515936688271153798e+01
4.307588297526041998e+01
4.426914257029549304e+01
4.418682504693193636e+01
4.663036029530758952e+01
4.396959309274176064e+01
4.241906614766021733e+01
4.289911210985198409e+01
4.271032955022946709e+01
4.085343779517249629e+01
4.107847480399963302e+01
4.173071765579792469e+01
3.966063652587745025e+01
3.936411701157826570e+01
4.013497338992783625e+01
4.358635836464605973e+01
4.243624774999999971e+01
4.327768791700658113e+01
4.409464925580141426e+01
4.779456995727856139e+01
4.672731083708455913e+01
4.701817291624634976e+01
4.779531186771655626e+01
5.006352466228455000e+01
4.854057542532478919e+01
5.119499127502453462e+01
4.796881226795920128e+01
4.933555986486346967e+01
5.342044875283446004e+01
5.170834560885589326e+01
5.356731875291179534e+01
5.506212644204210704e+01
5.638384406664942361e+01
5.620731762828263101e+01
5.619593326561182778e+01
5.741163527579536918e+01
5.408157386854291815e+01
5.748896641696827459e+01
5.603979743256385149e+01
5.577656451247065661e+01
5.630103529564551934e+01
5.546087552038481761e+01
5.578607777123138334e+01
5.338630758712219659e+01
5.606652093408744975e+01
5.464908506584180259e+01
5.370786934296253889e+01
5.371637003100560293e+01
5.233749864131365115e+01
5.313817763355732637e+01
5.106692039858418042e+01
4.950511155271572505e+01
4.876831699301614975e+01
4.600970996280539538e+01
4.849033921738876529e+01
4.619024633600680829e+01
4.626558400412606176e+01
4.580129152912482482e+01
4.480817534791079026e+01
4.552759887226876856e+01
4.279132035167007331e+01
4.447631426198766036e+01
4.639082170351305479e+01
4.518377108975294476e+01
4.486281043556919457e+01
4.400451489160826668e+01
4.508452986697917453e+01
4.644719098033403526e+01
4.334629216552912112e+01
4.649987163738004625e+01
4.442032817498369468e+01
4.210741511996378250e+01
4.208394326350578751e+01
4.269160483225979874e+01
4.159582634574550042e+01
3.992535461640996886e+01
4.367157132938098130e+01
4.139822507661106243e+01
4.068157091576652107e+01
4.108909080193851082e+01
4.188959878871872178e+01
4.330269026944050381e+01
4.279346062029415521e+01
4.071980392209043487e+01
3.844850419568526689e+01
3.987473659778722634e+01
3.979571430155991862e+01
3.839921789457697088e+01
3.851885760796660918e+01
3.801464423984393903e+01
3.684463003741560527e+01
3.671078449618662631e+01
3.733997447621950272e+01
3.568840327331789553e+01
3.723431569617210357e+01
3.535061937607226668e+01
3.560902566564673322e+01
3.454417652466082700e+01
3.389276901666199393e+01
3.277359751800003096e+01
3.215468879165468508e+01
3.247399421617415527e+01
3.207840932516257482e+01
3.045952503786430299e+01
2.906027925617551944e+01
3.003006312116493959e+01
3.006214154503381764e+01
2.899950782043838160e+01
2.905692876721310469e+01
2.857997476592700181e+01
2.760442717460317397e+01
2.789932768353239823e+01
2.837030808737888066e+01
2.699198249379286807e+01
2.740127394869612942e+01
2.616129835146160687e+01
2.433622389809834985e+01
2.403215221561200821e+01
2.331873047063686499e+01
2.509464476116163922e+01
2.454179947527608618e+01
2.288513032541852255e+01
2.456111071852564010e+01
2.301336192732151886e+01
2.273430677955792589e+01
2.153441128265168203e+01
2.098968387585497197e+01
2.196938795720591031e+01
2.139213562510022371e+01
2.075271344842050070e+01
2.009306550624920717e+01
2.126353766096607956e+01
2.012979833522670248e+01
1.992632481982276360e+01
1.971850701809547601e+01
1.879549855860831897e+01
1.871248780079765694e+01
1.803051227258164246e+01
1.787055715974667081e+01
1.844398043715185409e+01
1.740474416912012856e+01
1.720258754962896930e+01
1.741104941264390860e+01
1.781531229169088704e+01
1.722016097558701020e+01
1.756014621959237587e+01
1.666781789458398322e+01
1.644063744015847206e+01
1.659126739831570418e+01
1.703811708106090705e+01
1.658441824598495629e+01
1.613259510306985689e+01
1.647694946355382228e+01
1.625527953795944214e+01
1.653510133735593612e+01
1.540206057927394845e+01
1.695280538863837450e+01
1.636543252575712515e+01
1.591319175954452625e+01
1.526308544660150446e+01
1.601878472667124953e+01
1.588325462237087926e+01
1.519515397950462621e+01
1.548431306333695368e+01
1.597894380628716782e+01
1.571196144028248654e+01
1.589787930949314010e+01
1.624016511581965361e+01
1.630533009346974183e+01
1.617883788529756117e+01
1.601976262025596753e+01
1.588476390973067964e+01
1.549274514743868458e+01
1.501699373625477385e+01
1.521969940425085532e+01
1.550056857235462360e+01
1.545836841059076505e+01
1.564759857054632519e+01
1.523077658542755763e+01
1.554525603880723672e+01
1.559597908881674577e+01
1.532329150750290125e+01
1.534569240250475097e+01
1.554936654768252602e+01
1.494142617531799822e+01
1.588835018318762593e+01
1.535913691112218693e+01
1.632578029825666732e+01
1.540192073114547533e+01
1.621505957109133789e+01
1.575755615672411558e+01
1.563292638745408780e+01
1.614993666352633994e+01
1.537968696173261840e+01
1.543164803310035005e+01
1.533889863123306441e+01
1.409958625512173036e+01
1.425368532679384970e+01
1.433290618805897054e+01
1.455793714033544539e+01
1.473123187225028552e+01
1.500326453651003078e+01
1.402529394423563147e+01
1.422930382569664509e+01
1.465651642132280941e+01
1.389320150146147270e+01
1.415767133639693220e+01
1.394130465422387388e+01
1.315889801147116600e+01
1.385559934113133274e+01
1.390871025539668793e+01
1.351130283789682984e+01
1.269307145438989259e+01
1.331885129062141537e+01
1.323474038890541493e+01
1.294199782059244264e+01
1.350016897473498823e+01
1.317246175003050013e+01
1.275569948002346266e+01
1.284993234117849781e+01
1.323091815512011493e+01
1.285826709195645634e+01
1.287239358261614797e+01
1.320383335766923061e+01
1.258756526442695289e+01
1.312709477825078608e+01
1.282231390941223381e+01
1.235788730468000196e+01
1.296266466294795627e+01
1.265365106606578038e+01
1.095308911761618553e+01
1.082148046449306378e+01
1.047678300887315750e+01
1.037747078935354494e+01
1.032009453311344416e+01
1.026039005970990736e+01
1.029456138816132516e+01
1.056403404724238015e+01
1.019476633011079691e+01
1.003188143517782471e+01
9.725840137709571565e+00
9.689386511194316043e+00
9.585131343931255543e+00
9.504046133272217034e+00
9.384818086030247031e+00
9.295241367370637775e+00
9.275657864499764926e+00
9.755496932560308920e+00
9.604614424192238431e+00
9.112325967251900138e+00
8.937023728057052807e+00
9.073727996160625864e+00
9.081303968122924175e+00
9.086018899313776487e+00
9.348958106626575670e+00
9.062472916109738819e+00
8.838718212397715490e+00
8.728777247823998664e+00
8.724519138250750316e+00
8.738257441332804021e+00
8.690044663862400043e+00
8.208701716958296757e+00
8.122632608018063749e+00
7.836568754294402694e+00
8.146629069351540409e+00
8.055011582125175096e+00
8.450621296166833218e+00
7.760817756715324478e+00
8.099889323481866299e+00
7.905297784599561339e+00
7.966607294817412921e+00
7.971954025605415772e+00
7.584681962914241460e+00
7.921740811983257302e+00
7.739915938322531552e+00
7.653595617629870951e+00
7.739801183233136150e+00
7.584128649737374772e+00
7.232751560267018043e+00
7.357064070198797268e+00
7.404934081287022352e+00
7.427402783826067889e+00
7.253492844768505421e+00
7.210690110517100848e+00
6.887222230834726844e+00
7.029929762937432436e+00
7.004896251494583836e+00
7.177975295640872666e+00
7.052479282826449314e+00
6.758749810587509899e+00
6.720781279021527332e+00
6.780098418009667505e+00
6.814617961884560593e+00
6.894124821695890581e+00
6.489764229619107816e+00
6.421280189465374377e+00
6.690749537230370692e+00
6.761821341096128535e+00
6.361213184775983187e+00
6.397296294848279885e+00
6.511332083380786173e+00
6.493407082745950909e+00
6.647300192223108084e+00
6.590325781828580531e+00
6.338568932669563338e+00
6.336011338796429193e+00
6.206080598381265467e+00
6.373334638495507853e+00
6.324751391648560706e+00
6.192074227214825477e+00
6.043917591170981929e+00
6.191564011014017765e+00
5.822861623996355540e+00
6.166318949231464508e+00
6.233308526236067237e+00
5.774493895209101169e+00
5.653063200322038462e+00
5.663983793543840406e+00
5.723332140511192989e+00
5.828609027772650997e+00
5.364162728325457152e+00
5.643761249207144282e+00
5.832347314308937491e+00
5.548116437475777651e+00
5.642026286929819001e+00
5.481692884209574679e+00
5.601390989040921475e+00
5.399540798875628766e+00
5.495230191654137286e+00
5.647342531392362197e+00
5.310758874386553252e+00
5.475728180286015601e+00
5.732447550137950820e+00
5.525096413932008232e+00
5.519666653117653254e+00
5.268864886377517820e+00
5.381881199094494583e+00
5.418172725229165820e+00
5.255893526045341879e+00
5.206914786056701772e+00
5.289314424315763041e+00
5.223730795878543276e+00
5.303231106083522661e+00
5.202271225901357710e+00
5.178638097557016096e+00
4.859660753204352979e+00
5.104231228680170318e+00
5.097188279255722598e+00
5.205184806821573140e+00
4.903862537654829268e+00
5.035925866206167889e+00
5.233515920110352937e+00
5.151671408198257751e+00
4.890734966310187559e+00
5.003792163796892289e+00
5.232123650353409872e+00
5.067411419707733344e+00
4.862345337026777514e+00
4.966150159879410886e+00
5.126247613580286355e+00
5.136020288540109391e+00
4.938682808677780756e+00
4.839398769332147410e+00
5.080774661090184274e+00
4.790702799771000109e+00
5.034250596167462177e+00
5.077150597454060943e+00
5.033613631347537698e+00
4.895330356673547101e+00
4.977125524403976264e+00
4.945117314314712686e+00
5.061485537951527114e+00
4.810208339119030896e+00
4.866370261666143726e+00
4.916958846346491718e+00
4.801258546773364166e+00
4.987519530637854359e+00
4.711377720519799972e+00
4.773715607839538855e+00
4.698598869530955291e+00
4.847601459777985511e+00
4.734473927218158629e+00
4.802061333342515503e+00
4.896940940535178477e+00
4.821613397535377210e+00
4.839281573272279147e+00
4.885454068525164395e+00
4.680822731015627625e+00
4.740593983188358784e+00
4.894613668326445399e+00
4.672505764337979706e+00
4.789776654361801000e+00
4.663723354631411411e+00
4.820264973815018728e+00
4.778035835013048072e+00
4.543658376448682645e+00
4.593141337661121426e+00
4.636390294514102450e+00
4.513336519659405077e+00
4.710665347034961314e+00
4.794858973100644128e+00
4.701777564925873065e+00
4.638827347665178458e+00
4.658253417526583284e+00
4.645949296881817681e+00
4.531843772560567807e+00
4.628766093442776786e+00
4.395714269925725226e+00
4.553630195467431641e+00
4.728046784113994150e+00
4.635414931320720910e+00
4.556564613255899232e+00
4.563902406432533532e+00
4.492416296750620042e+00
4.534587065562165620e+00
4.430151796763613703e+00
4.422416250755855316e+00
4.388569723625462160e+00
4.287833202326350346e+00
4.362968104728542684e+00
4.569953812800451765e+00
4.407502731820068576e+00
4.621079609187525250e+00
4.393887397965235309e+00
4.385502311684144949e+00
4.223776839422431983e+00
4.309314373638369666e+00
4.445654982429416258e+00
4.478448055780105186e+00
4.598456472552611807e+00
4.363549165663915375e+00
4.395480419774384195e+00
4.309121497742397722e+00
4.316813644861595911e+00
4.555214403175281035e+00
4.538930296545052201e+00
4.229972634343839744e+00
4.430737371127352553e+00
4.222498930237471804e+00
4.215243409243051964e+00
4.169294537846374382e+00
4.195886787235144411e+00
4.053823956180287347e+00
4.124303699668652179e+00
4.102489810893762190e+00
4.296509328105260650e+00
4.163277426291973171e+00
4.169996808701836422e+00
4.207866234754687795e+00
4.223724965504342066e+00
4.278153142230838313e+00
4.227444445559251029e+00
4.137274031832967047e+00
4.165824411768547009e+00
4.148561378040763081e+00
4.088668221603267483e+00
4.133368510190664757e+00
4.183116143580319246e+00
4.353603588326325990e+00
4.160350370929384312e+00
4.200267605523414716e+00
4.120545398057331887e+00
4.091547060870989405e+00
4.084420491671923337e+00
4.204630654261555023e+00
3.996685486027044654e+00
4.019340959894806886e+00
4.026262370781412692e+00
3.948065218014000788e+00
3.963897878857622903e+00
3.942343784352398739e+00
4.040311141972804165e+00
3.924914293858055458e+00
3.769644825630472873e+00
3.967139983466814179e+00
3.819006473674517288e+00
3.860738631362029327e+00
3.847603434380892473e+00
3.895420425306717505e+00
3.950030750445391092e+00
3.827022633175402255e+00
3.831523328293632957e+00
3.861578082489775632e+00
3.930968967474445463e+00
3.874795808192398106e+00
3.811086697201344631e+00
3.923400149255416025e+00
3.963132527249591419e+00
3.823801596738576336e+00
3.822085115481337780e+00
3.837820803366330136e+00
3.762915167240603598e+00
3.902340080691072188e+00
3.864127611674271989e+00
3.744596595378030912e+00
3.954175847709696434e+00
3.776154030632153713e+00
3.849361546292297209e+00
3.895603963832111383e+00
3.771608029755095348e+00
3.833718002286571114e+00
3.823709472537808907e+00
3.781413409618116450e+00
3.787532764694636178e+00
3.762562850057305397e+00
3.790827223620016007e+00
3.778011558009470860e+00
3.876835400478523930e+00
3.532605753741551169e+00
3.897351217781823252e+00
3.725008419203758692e+00
3.961604937867899690e+00
3.763734551498178149e+00
3.779314611878764385e+00
3.655010140004805397e+00
3.844588179884991685e+00
3.729505288276748765e+00
3.756409352199139295e+00
3.683776631903234566e+00
3.673699186199461675e+00
3.856487191178173290e+00
3.675442037270238327e+00
3.789364514462087552e+00
3.637892353074746232e+00
3.716324368798384015e+00
3.769435414304776799e+00
3.715734042128679970e+00
3.626088705638218723e+00
4.079224529835140167e+00
3.913377015727093511e+00
3.749075402907157795e+00
3.640343221631402670e+00
3.651101655200075236e+00
3.678563450159624271e+00
3.632588186761517068e+00
3.722393794095276043e+00
3.624050043289870349e+00
3.591051764387232392e+00
3.590849628886056077e+00
3.566237134310001000e+00
3.732917386467922594e+00
3.601744487691953989e+00
3.631754937535593974e+00
3.749271059741221990e+00
3.763940375716694486e+00
3.523873913463513308e+00
3.586680838066194532e+00
3.642669614245291676e+00
3.475320701766907661e+00
3.526717963734872896e+00
3.638244376959188120e+00
3.650458624754928660e+00
3.513755539066562239e+00
3.548338167925290332e+00
3.652024053507287427e+00
3.530746602458314065e+00
3.549779145446605444e+00
3.466693356080925881e+00
3.468812198988083573e+00
3.843150719396466020e+00
3.741075609563426330e+00
3.762614120888991387e+00
3.522716951185419720e+00
3.496711420817375515e+00
3.604079410650143256e+00
3.565956886283905281e+00
3.661547141028204333e+00
3.576219209267524679e+00
3.702732307700962622e+00
3.624868502033373296e+00
3.535926078651982163e+00
3.583385387530339194e+00
3.775339728575165754e+00
3.525751707521440181e+00
3.534889479090299158e+00
3.667673640289943915e+00
3.690679391478228766e+00
3.543293006115016741e+00
3.520339962379860133e+00
3.535091797523981061e+00
3.530410601198177289e+00
3.454772750404329518e+00
3.410461039998388344e+00
3.686324489474224642e+00
3.567560868194613377e+00
3.552797920946505705e+00
3.520631210736828276e+00
3.423245373854090889e+00
3.543653125405673787e+00
3.640558960150954704e+00
3.578493554887330230e+00
3.511601210631602132e+00
3.794976362840145168e+00
3.885645253278628974e+00
3.754523228692181469e+00
3.625553790997924963e+00
3.551716370213436225e+00
3.603693999902772394e+00
3.377797375570199101e+00
3.336354350744513919e+00
3.563613191137894987e+00
3.461408761069101114e+00
3.500328384318605046e+00
3.541004852345298826e+00
3.312838521234307887e+00
3.502712675784689367e+00
3.569367495053560102e+00
3.545000360611563650e+00
3.411803169788867773e+00
3.401657752242594590e+00
3.558920463344646734e+00
3.408866820168215739e+00
3.475051370626258684e+00
3.433268450690757145e+00
3.501810096410666873e+00
3.355672824907754759e+00
3.312115185734179512e+00
3.312950466777699443e+00
3.351283835182195858e+00
3.411752416675136068e+00
3.410421531978244047e+00
3.432570870598770973e+00
3.306212503440337791e+00
3.218282248646486376e+00
3.383487685840368187e+00
3.364612085952310316e+00
3.412167143791947410e+00
3.152499993147230395e+00
3.335075372103607272e+00
3.221782445051038835e+00
3.140545899975966115e+00
3.208855424200902640e+00
3.160634960256521353e+00
3.234224080228427667e+00
3.298326191299961962e+00
3.128247713532411378e+00
3.312667320153579897e+00
3.172066821241787515e+00
3.178764811677412983e+00
3.195628765208092137e+00
3.159402928834955215e+00
3.246356041052905095e+00
3.166090130608705699e+00
3.241640485726684062e+00
3.219615563079289089e+00
3.164657912968035003e+00
3.297679944006684405e+00
3.012054451683484402e+00
3.254819298934607641e+00
3.166043405185921866e+00
3.100283244631884649e+00
3.143685611677758729e+00
3.179079967553225750e+00
3.106884632243473998e+00
3.111473730034697294e+00
3.065208415076203341e+00
3.213582204231554940e+00
3.236367008152772673e+00
3.182396110565683500e+00
3.162261094197749589e+00
3.185292311125774045e+00
3.127678307835917160e+00
3.255920329481229114e+00
3.223220277863056094e+00
3.137864790246277291e+00
3.088054320987654755e+00
3.063285218094548679e+00
3.171049363434307544e+00
3.156490092112210100e+00
3.265882887472539853e+00
3.207537685696645990e+00
3.180249512663938294e+00
3.157447362230930921e+00
3.221384520268076646e+00
3.122311527957476240e+00
3.240661728395061836e+00
3.152262289957534325e+00
3.148189984024605703e+00
3.181377123323037015e+00
3.056878928407446239e+00
3.106845428265466946e+00
3.137230861628190759e+00
3.033028142339427635e+00
3.133864020217167479e+00
3.165069077021931854e+00
3.141106790782161262e+00
3.034348114879852343e+00
3.093501201586493110e+00
3.030886732260360539e+00
3.020249873305220323e+00
3.181740613478116320e+00
3.147588517778893813e+00
3.093431157832960299e+00
3.052067202047608507e+00
3.093122317149140432e+00
3.134105250833210565e+00
3.089258688608784720e+00
3.132370539096035689e+00
3.061607789696726645e+00
3.076722552731206317e+00
3.289715858828078154e+00
3.128055339033509075e+00
3.014646278903889254e+00
3.137538908793423342e+00
3.154048984207073136e+00
3.107242918594269820e+00
3.088416098685639266e+00
3.134716076590355893e+00
3.143227511469918412e+00
3.173676657359845166e+00
3.061641001645630578e+00
3.099625681234072339e+00
3.153106583855968648e+00
3.114027145767114035e+00
3.039066419685627629e+00
3.033670726788636252e+00
3.109204952397589317e+00
3.113696924743125205e+00
2.922413592996716325e+00
3.068119580560382254e+00
3.034496438463723411e+00
3.143721610841177849e+00
3.002407572245545442e+00
3.064114535849681076e+00
3.020779662949992783e+00
3.160590649097180460e+00
3.158573381019955661e+00
3.144031336724956827e+00
3.197944625341026192e+00
3.131335933572465979e+00
3.022882472244392105e+00
3.002260571120107358e+00
3.000445392882036710e+00
3.128098848750955341e+00
3.058117630656961961e+00
3.048122288764746113e+00
3.026476439475116464e+00
3.083693662416361558e+00
2.992884777329596346e+00
3.162456656829857327e+00
3.094390839699363127e+00
3.029687017746913291e+00
3.083097189151219109e+00
2.946109078302687312e+00
2.923032527015315019e+00
3.052266334439644346e+00
3.013344242965328323e+00
2.981497260720352038e+00
2.976706003410509727e+00
3.061430853236372762e+00
3.071810817026716656e+00
3.016788883028207469e+00
3.007173977215879201e+00
2.989411312249050212e+00
2.938477753860982755e+00
3.155738835279986887e+00
2.963909497416993499e+00
2.933247517734435483e+00
3.004614676473050583e+00
3.055934794309880687e+00
3.108084918454751211e+00
3.012001763538273647e+00
3.008259656693958117e+00
2.972118533577884136e+00
2.997680341597322773e+00
2.840211849248493792e+00
3.012459255366382482e+00
3.116431321902332297e+00
3.103112429861206500e+00
2.980273899362033685e+00
3.022790003033593020e+00
2.941098171460867050e+00
2.996273427758642249e+00
3.073065420244204038e+00
2.998599714764371260e+00
2.906675747164054968e+00
3.061256322681414233e+00
2.973857029585534661e+00
2.958843419272788822e+00
2.891211428109749182e+00
2.913571630475802809e+00
2.899364503960790707e+00
3.012174743411760058e+00
3.009848591850290411e+00
2.891823170153299927e+00
2.985093012128468892e+00
3.045499332577273677e+00
2.908666148451071631e+00
2.901140216749500844e+00
3.002683385095478386e+00
2.972925660445942864e+00
2.968275906259799868e+00
3.017800361387073416e+00
2.929658545013299698e+00
3.002671798785757851e+00
3.006894737318826394e+00
2.979992626138846301e+00
2.959877770301743816e+00
2.976959835307964930e+00
2.862588347415801593e+00
2.866569196252244378e+00
2.875702783088030401e+00
2.942078863752361162e+00
2.839535187148185091e+00
2.804812254309595687e+00
3.010214174186713443e+00
2.972831655862928191e+00
2.884836412094910152e+00
2.829953467042745974e+00
2.914973199068164433e+00
2.873567104685265772e+00
2.812890873998591168e+00
2.931860812884374834e+00
2.813126920644955842e+00
2.812608754077419171e+00
3.011018689028221562e+00
2.986870964324155331e+00
3.023427026002340590e+00
2.908450887789242767e+00
2.851259996090215409e+00
3.013199833380195702e+00
2.877391049438450032e+00
3.036457608662995078e+00
2.867573567352752928e+00
2.845998121802541192e+00
3.032600156188072660e+00
3.053682372447167559e+00
2.881224382062664180e+00
2.994094434953114892e+00
2.845981793295688345e+00
2.978403991290837105e+00
2.922800537005882493e+00
3.028064277431641749e+00
2.792745971719687414e+00
2.882456585269719262e+00
2.816979419313389688e+00
3.001438050765873555e+00
3.143521596627579573e+00
2.932025883702841007e+00
2.906205334377878646e+00
2.868985049432154710e+00
2.935255328141976872e+00
2.877545696645325446e+00
2.973447818836393974e+00
3.007354810956346380e+00
2.828513057322966873e+00
2.936814162610728918e+00
2.855427375214212748e+00
2.883242572789366243e+00
3.065387939039843967e+00
2.734967956694575264e+00
2.787244062331212024e+00
2.889288585826720990e+00
2.794922214843515107e+00
2.880642203515874300e+00
2.986302718960568203e+00
2.794764889485205739e+00
2.995742618779416944e+00
2.766043996700802587e+00
2.896958973685678451e+00
2.846193581971460329e+00
2.861323453266237493e+00
2.771077383689996676e+00
2.871351060158413127e+00
2.958897911944864845e+00
2.865891820385628286e+00
2.763278977473342390e+00
2.791965582117484690e+00
2.981639550333311295e+00
2.866256703887196888e+00
2.977218327159749656e+00
3.037534310979803642e+00
2.918959631821171019e+00
2.921312559362494898e+00
2.858200482743998183e+00
2.725734610907063260e+00
2.826695158323704771e+00
2.792571362188713380e+00
2.895475767900189901e+00
2.825284211778002152e+00
2.768483158419368095e+00
2.787619232093663690e+00
2.829414267037303254e+00
2.909704949143278263e+00
2.785664951279842594e+00
2.836622702153617226e+00
2.922833099365234499e+00
2.845664279505124572e+00
2.917587780842243905e+00
2.820124322357600022e+00
2.881510933840474298e+00
2.812117204161317385e+00
2.802452380051019709e+00
2.754915104166666850e+00
2.730940513645689904e+00
2.850742417383431704e+00
2.859852498576107127e+00
2.800061147815271045e+00
2.811364806455860954e+00
2.834187722236825024e+00
2.785759544268689769e+00
2.934152554583038697e+00
2.937405747046285764e+00
2.923820903297477347e+00
2.697697921227664608e+00
2.906368504990400670e+00
2.792221966911764497e+00
2.717692342892544577e+00
2.928030005364201660e+00
2.886162350559275058e+00
2.887072525565719250e+00
2.728943488425008113e+00
2.828128705844646262e+00
2.998772701560699083e+00
2.855416597511974963e+00
2.636226830083543859e+00
2.762758316897032440e+00
3.045937058498922489e+00
2.940328532041536658e+00
2.864232913374487932e+00
2.827242701896441446e+00
2.845154492913629429e+00
2.973750676389497194e+00
2.900330716131450437e+00
2.737943066325458918e+00
2.736192319912998716e+00
2.893983079479874210e+00
2.879093666944078755e+00
2.784777105290744181e+00
2.695529984976698046e+00
2.933712084457295699e+00
2.853028481024097118e+00
2.768452136018250798e+00
2.961653770795404039e+00
2.749743170197224362e+00
2.808977077553177271e+00
3.063131924721451238e+00
2.905561858102959416e+00
2.866668754399556818e+00
2.667103925450474922e+00
2.689146897878545772e+00
2.825356017643351869e+00
2.713515637048400819e+00
2.633170425615834365e+00
2.795463667201809166e+00
2.915523090658226124e+00
2.770324657254954026e+00
2.758074297118448204e+00
2.881770710828194026e+00
2.749987691167036896e+00
2.734489791085773280e+00
2.824373573756430833e+00
2.644302347776293249e+00
2.922526790032726307e+00
3.128154648705158358e+00
2.808865085258941630e+00
2.708040405824083230e+00
2.767135630934554058e+00
2.759372505742204496e+00
2.909893537579054001e+00
2.728270135275754349e+00
2.810771524520041087e+00
2.841504796517619003e+00
2.857395212899974002e+00
2.861979006854229013e+00
2.837043686228889250e+00
2.950815113597781814e+00
2.670854286410883738e+00
2.831956507889315411e+00
2.874017122473245589e+00
2.697983338121229480e+00
2.863432302397802331e+00
2.855088713805891132e+00
2.601429707132672409e+00
3.006758137633768868e+00
2.736235019839343696e+00
2.784810120215281071e+00
2.748624183208571825e+00
2.945365725836639470e+00
2.838299167107776633e+00
2.787160492859839689e+00
2.717918328998788269e+00
2.574048121955987867e+00
3.041147248830474492e+00
2.819251684116548695e+00
2.919008611636210837e+00
2.906488456893579819e+00
2.788243023994720904e+00
2.972245968367817071e+00
3.018557266588154153e+00
2.802146464646464441e+00
2.942205357528953513e+00
2.732097018643066644e+00
2.508151189469870701e+00
2.829928036922976453e+00
2.847976697868450202e+00
2.874672675727147020e+00
2.846365026347366101e+00
2.957863762768351279e+00
2.675920476205293941e+00
2.670746900315458472e+00
2.971373750459550767e+00
2.741031735084722420e+00
2.868529777179233964e+00
2.879692277127184230e+00
2.517930837832299762e+00
3.184024705544383771e+00
2.762287602987492985e+00
2.778982813348966463e+00
2.907721620480277824e+00
2.848885041551246999e+00
2.902039990825233229e+00
2.815874034923573799e+00
2.952610049659119884e+00
2.996721361058601207e+00
2.644336925482301925e+00
2.897468601304501234e+00
2.897590420756697593e+00
3.190355890751847667e+00
2.757876893517487105e+00
2.726768360711087524e+00
2.975113899405084084e+00
2.948544678497141636e+00
2.934868162849396001e+00
2.879810754165686326e+00
2.705044043776844820e+00
2.727490647357675879e+00
2.761446409989594564e+00
2.698166426296496390e+00
2.918973081079336840e+00
3.161286891070130611e+00
2.718881177683561745e+00
2.769806938163104970e+00
2.714635684194039111e+00
2.747278585079457880e+00
3.114669562250655055e+00
2.733705747605164493e+00
2.634273353629226211e+00
2.793543075804000075e+00
2.763286411950588661e+00
2.683811355017892808e+00
2.671148676316117410e+00
2.763914401393575915e+00
3.048786310474893568e+00
2.991887747630648242e+00
2.796360691550613176e+00
2.844284391889874364e+00
2.900987654320987374e+00
2.699076177130112164e+00
2.848574380165289188e+00
2.631923038288427552e+00
3.011723541595447529e+00
2.779387158316132034e+00
3.009321062222312992e+00
2.724801810466146001e+00
2.766133840172434244e+00
2.585515797180247599e+00
2.880220389399675174e+00
2.859882298485750152e+00
2.423790084837944114e+00
2.875695732838590146e+00
2.715665674638746641e+00
3.040123099937336981e+00
2.975651918322684164e+00
2.588663443135179598e+00
2.851591326819695738e+00
2.711566545382540383e+00
2.581521290885097741e+00
2.762308339771734733e+00
2.970216854867033796e+00
2.732322852414622805e+00
2.695368286101877064e+00
2.976525836378262735e+00
2.936227019733513188e+00
2.998706870932867474e+00
2.755619943450631215e+00
2.721814686658976967e+00
2.714227191057456690e+00
2.828623835018837962e+00
2.812000756448641337e+00
2.754719940925412835e+00
2.680824888888889035e+00
2.689717251071841009e+00
3.081311400986070925e+00
2.846740321402483787e+00
3.222695000624231199e+00
2.658666006562576456e+00
2.931654748837809521e+00
2.641555263350135352e+00
2.624489188653044369e+00
2.690054320987654624e+00
2.833447728625272166e+00
2.846837097368920322e+00
2.781994859471498938e+00
2.624825022669345032e+00
2.604305029745808575e+00
2.806224731865414768e+00
2.933022551133383171e+00
2.845969757835648206e+00
2.791670901044891018e+00
2.843001357572293220e+00
2.734934455861882441e+00
2.580068027210884019e+00
2.609989650608524503e+00
2.540079506348641214e+00
2.530346251314721684e+00
2.625006158577537274e+00
2.780113394255379067e+00
2.954132139333043305e+00
2.959376511690405831e+00
2.775712138117004457e+00
2.896079198267750510e+00
2.823204046026790870e+00
2.660975164353542866e+00
2.818566732412886466e+00
2.854284926815537915e+00
2.689311298364796432e+00
2.990267512146305151e+00
3.101415816326530184e+00
2.677510869002639460e+00
2.829876762102161436e+00
2.487999146361192793e+00
2.861624050359550253e+00
2.644074889789723493e+00
2.890266299357208357e+00
2.563465688102722240e+00
2.747752432760046215e+00
3.231649236682870185e+00
3.120315581854043341e+00
3.088649749755859375e+00
2.917440828402366737e+00
2.415817386617513218e+00
2.491683959960937500e+00
3.177446895703845531e+00
2.775977961432506635e+00
2.437827949942135586e+00
2.913173018475197829e+00
2.485935874089490127e+00
2.749498441457704168e+00
2.682691129356978621e+00
2.551569021414354044e+00
3.247808120010456268e+00
2.942533153949643765e+00
2.296739846721426836e+00
3.165584602954755411e+00
3.102699144173798107e+00
2.837393924230103615e+00
2.665862603305784173e+00
2.775356527607579782e+00
2.779596964200079512e+00
2.832650703633690981e+00
2.833617591172363337e+00
2.508225738658900195e+00
2.842418588418480940e+00
2.861110493058028226e+00
2.705860698484548799e+00
2.601591220850480113e+00
2.693792659192455918e+00
2.841976708378825212e+00
2.809716391603910068e+00
2.491934140051577096e+00
3.080680018255523844e+00
3.141546206287085141e+00
2.690443130580190356e+00
2.616093314816079651e+00
3.039706373039706033e+00
2.513911862003780584e+00
2.550442334226118213e+00
3.273110204081632446e+00
2.758506254001749092e+00
2.240959894806048514e+00
2.467406194660696883e+00
2.923356871827214487e+00
2.922518049305866228e+00
2.766118626430801086e+00
2.670960714697165006e+00
2.988056973931738636e+00
2.519027594963249683e+00
2.736918114353179110e+00
3.116142598660081031e+00
2.600397982322181001e+00
2.987742346938775384e+00
2.864332997056425967e+00
2.548774417560004224e+00
2.914084022038567756e+00
2.759139989923884428e+00
2.959968291716211120e+00
2.657821655273437500e+00
2.747421264648437500e+00
3.043831736776343000e+00
2.890998959417273362e+00
2.681852332490949564e+00
2.535002972651605457e+00
2.641345392252574253e+00
2.497768031952384504e+00
2.874172822406893868e+00
3.015700256458371697e+00
3.520475932936722785e+00
2.647799158015385235e+00
3.355774999999999952e+00
2.754671201814059334e+00
2.871951841648811232e+00
2.790732637117774750e+00
3.041760977818017242e+00
2.905452504725897889e+00
2.872499710949242502e+00
2.476110537190082894e+00
2.902481070849107780e+00
2.934394463667820308e+00
2.991617131534826779e+00
2.489770431588612887e+00
2.474482248520710304e+00
2.522106881968473768e+00
3.502434963579604599e+00
3.072452520087655792e+00
3.005496883656509688e+00
2.902494331065759159e+00
2.302802093011883322e+00
3.298611111111111160e+00
3.423703003570679027e+00
3.688949248025753747e+00
2.985788751714677947e+00
3.282139577594123114e+00
2.661450211628424878e+00
3.284082840236686174e+00
2.584960937500000000e+00
3.690495999999999555e+00
3.224402042461703477e+00
2.524858908895458942e+00
3.145413564647224103e+00
2.434824613555291783e+00
2.989298454221165802e+00
3.428252551020407601e+00
3.344308035714285587e+00
3.074074074074073515e+00
3.323958704165182798e+00
2.783649227006725457e+00
2.194252210688197202e+00
2.616059585756555173e+00
3.421487603305784830e+00
2.725318559556786813e+00
2.304265927977838579e+00
3.212765957446808596e+00
2.345945247933884037e+00
2.962252240878677778e+00
2.102975778546712693e+00
2.726048752834467681e+00
2.450113378684807053e+00
3.088099934253781154e+00
2.198347107438016756e+00
2.594510190664037541e+00
2.495402514543066275e+00
3.876734693877550875e+00
2.511224489795918391e+00
2.614437869822485272e+00
3.001050199537912189e+00
2.886836628511966651e+00
2.510000000000000231e+00
3.243055555555555358e+00
2.420599489795918657e+00
2.497190082644629605e+00
2.385459533607680704e+00
2.374400000000000066e+00
2.760516451478550515e+00
1.998263888888889062e+00
4.880385487528345223e+00
2.827654320987654124e+00
2.940000000000000391e+00
1.748721694667640714e+00
2.478632478632478264e+00
4.183391003460208424e+00
3.499023437500000000e+00
2.625000000000000000e+00
2.562414266117969852e+00
1.336076817558299323e+00
3.270400000000000418e+00
3.407024793388430339e+00
2.147499999999999964e+00
3.457063711911356751e+00
2.666666666666666519e+00
1.662222222222222046e+00
1.638888888888889284e+00
1.689999999999999947e+00
1.250000000000000000e+00
1.224489795918367457e-01
2.222222222222222376e-01
2.222222222222222376e-01
0.000000000000000000e+00
