   0.0000000e+00
   0.0000000e+00
   0.0000000e+00
   0.0000000e+00
   0.0000000e+00
   0.0000000e+00
   0.0000000e+00
   0.0000000e+00
   0.0000000e+00
   0.0000000e+00
   0.0000000e+00
   0.0000000e+00
   0.0000000e+00
   0.0000000e+00
   0.0000000e+00
   0.0000000e+00
   0.0000000e+00
   0.0000000e+00
   0.0000000e+00
   0.0000000e+00
   0.0000000e+00
   0.0000000e+00
   0.0000000e+00
   0.0000000e+00
   0.0000000e+00
   0.0000000e+00
   0.0000000e+00
   0.0000000e+00
   0.0000000e+00
   0.0000000e+00
   0.0000000e+00
   0.0000000e+00
   0.0000000e+00
   0.0000000e+00
   0.0000000e+00
   0.0000000e+00
   0.0000000e+00
   0.0000000e+00
   0.0000000e+00
   0.0000000e+00
   0.0000000e+00
   0.0000000e+00
   0.0000000e+00
   0.0000000e+00
   0.0000000e+00
   0.0000000e+00
   0.0000000e+00
   0.0000000e+00
   0.0000000e+00
   0.0000000e+00
   0.0000000e+00
   0.0000000e+00
   0.0000000e+00
   0.0000000e+00
   0.0000000e+00
   0.0000000e+00
   0.0000000e+00
   0.0000000e+00
   0.0000000e+00
   0.0000000e+00
   0.0000000e+00
   0.0000000e+00
   0.0000000e+00
   0.0000000e+00
   0.0000000e+00
   0.0000000e+00
   0.0000000e+00
   0.0000000e+00
   0.0000000e+00
   0.0000000e+00
   0.0000000e+00
   0.0000000e+00
   0.0000000e+00
   0.0000000e+00
   0.0000000e+00
   0.0000000e+00
   0.0000000e+00
   0.0000000e+00
   0.0000000e+00
   0.0000000e+00
   0.0000000e+00
   0.0000000e+00
   0.0000000e+00
   0.0000000e+00
   0.0000000e+00
   0.0000000e+00
   0.0000000e+00
   0.0000000e+00
   0.0000000e+00
   0.0000000e+00
   0.0000000e+00
   0.0000000e+00
   0.0000000e+00
   0.0000000e+00
   0.0000000e+00
   0.0000000e+00
   0.0000000e+00
   0.0000000e+00
   0.0000000e+00
   0.0000000e+00
   0.0000000e+00
   0.0000000e+00
   0.0000000e+00
   0.0000000e+00
   0.0000000e+00
   0.0000000e+00
   7.5382556e+04
   7.6549769e+04
   7.6216909e+04
   7.6271661e+04
   7.6148182e+04
   7.6029914e+04
   7.5738058e+04
   7.5962512e+04
   7.5961091e+04
   7.6394662e+04
   7.6492064e+04
   7.6756114e+04
   7.6647787e+04
   7.6479581e+04
   7.6603410e+04
   7.6488982e+04
   7.6235580e+04
   7.6148088e+04
   7.6380589e+04
   7.6614587e+04
   7.6762885e+04
   7.6634541e+04
   7.6557583e+04
   7.6385202e+04
   7.6400213e+04
   7.6695614e+04
   7.6777492e+04
   7.6598594e+04
   7.6524749e+04
   7.6351633e+04
   7.6128916e+04
   7.6189165e+04
   7.6170152e+04
   7.6144774e+04
   7.6054879e+04
   7.5796664e+04
   7.5417196e+04
   7.5138264e+04
   7.4814390e+04
   7.4514854e+04
   7.4088454e+04
   7.3642433e+04
   7.3301903e+04
   7.2735472e+04
   7.2101281e+04
   7.1505560e+04
   7.0845685e+04
   7.0150225e+04
   6.9416249e+04
   6.8774705e+04
   6.8035439e+04
   6.7307894e+04
   6.6633913e+04
   6.5776277e+04
   6.5081461e+04
   6.4222201e+04
   6.3427190e+04
   6.2647801e+04
   6.1797390e+04
   6.1084093e+04
   6.0216456e+04
   5.9443360e+04
   5.8616922e+04
   5.7817970e+04
   5.7126068e+04
   5.6310685e+04
   5.5581407e+04
   5.4804839e+04
   5.4049400e+04
   5.3386261e+04
   5.2603750e+04
   5.1929191e+04
   5.1196655e+04
   5.0488128e+04
   4.9803159e+04
   4.9084101e+04
   4.8440621e+04
   4.7748145e+04
   4.7099871e+04
   4.6467918e+04
   4.5825413e+04
   4.5230162e+04
   4.4581047e+04
   4.4028376e+04
   4.3466054e+04
   4.2883464e+04
   4.2330458e+04
   4.1795596e+04
   4.1277132e+04
   4.0720608e+04
   4.0217681e+04
   3.9680556e+04
   3.9184561e+04
   3.8725018e+04
   3.8250297e+04
   3.7797211e+04
   3.7342364e+04
   3.6892765e+04
   3.6462880e+04
   3.6000976e+04
   3.5600862e+04
   3.5182997e+04
   3.4787870e+04
   3.4374852e+04
   3.3975214e+04
   3.3613527e+04
   3.3200246e+04
   3.2855663e+04
   3.2488424e+04
   3.2120638e+04
   3.1771558e+04
   3.1402814e+04
   3.1047637e+04
   3.0696683e+04
   3.0369568e+04
   3.0037078e+04
   2.9704641e+04
   2.9384271e+04
   2.9056631e+04
   2.8750579e+04
   2.8426045e+04
   2.8101253e+04
   2.7783419e+04
   2.7473128e+04
   2.7165917e+04
   2.6860523e+04
   2.6563470e+04
   2.6250274e+04
   2.5937031e+04
   2.5648820e+04
   2.5347425e+04
   2.5052980e+04
   2.4756336e+04
   2.4456703e+04
   2.4163352e+04
   2.3858873e+04
   2.3587868e+04
   2.3276247e+04
   2.2987620e+04
   2.2716729e+04
   2.2442265e+04
   2.2176631e+04
   2.1888081e+04
   2.1626834e+04
   2.1349652e+04
   2.1081081e+04
   2.0806328e+04
   2.0542673e+04
   2.0302611e+04
   2.0059675e+04
   1.9819821e+04
   1.9592856e+04
   1.9375281e+04
   1.9163900e+04
   1.8939653e+04
   1.8737424e+04
   1.8550236e+04
   1.8354609e+04
   1.8183831e+04
   1.8000089e+04
   1.7832898e+04
   1.7681017e+04
   1.7533215e+04
   1.7381483e+04
   1.7242431e+04
   1.7106315e+04
   1.6971249e+04
   1.6852917e+04
   1.6737605e+04
   1.6622806e+04
   1.6513928e+04
   1.6408501e+04
   1.6298167e+04
   1.6202106e+04
   1.6117947e+04
   1.6032244e+04
   1.5934474e+04
   1.5837329e+04
   1.5748367e+04
   1.5668499e+04
   1.5588360e+04
   1.5507977e+04
   1.5433815e+04
   1.5352642e+04
   1.5275016e+04
   1.5195737e+04
   1.5121514e+04
   1.5043747e+04
   1.4961469e+04
   1.4883434e+04
   1.4806693e+04
   1.4737981e+04
   1.4666667e+04
   1.4591926e+04
   1.4517312e+04
   1.4429777e+04
   1.4356242e+04
   1.4284833e+04
   1.4215159e+04
   1.4143444e+04
   1.4067347e+04
   1.3993860e+04
   1.3923743e+04
   1.3853506e+04
   1.3784442e+04
   1.3711595e+04
   1.3644698e+04
   1.3571910e+04
   1.3505169e+04
   1.3435545e+04
   1.3367197e+04
   1.3299817e+04
   1.3225706e+04
   1.3156215e+04
   1.3088747e+04
   1.3017947e+04
   1.2957490e+04
   1.2897225e+04
   1.2838330e+04
   1.2773544e+04
   1.2706818e+04
   1.2641646e+04
   1.2576006e+04
   1.2514101e+04
   1.2457378e+04
   1.2398639e+04
   1.2338683e+04
   1.2276523e+04
   1.2218761e+04
   1.2166012e+04
   1.2111089e+04
   1.2054154e+04
   1.1999097e+04
   1.1944727e+04
   1.1886857e+04
   1.1832696e+04
   1.1779449e+04
   1.1725381e+04
   1.1674471e+04
   1.1623731e+04
   1.1576758e+04
   1.1532177e+04
   1.1488236e+04
   1.1445924e+04
   1.1399515e+04
   1.1357162e+04
   1.1313260e+04
   1.1274989e+04
   1.1232363e+04
   1.1195407e+04
   1.1161718e+04
   1.1127675e+04
   1.1086519e+04
   1.1046047e+04
   1.1003775e+04
   1.0963179e+04
   1.0926839e+04
   1.0890751e+04
   1.0858788e+04
   1.0822955e+04
   1.0787632e+04
   1.0756532e+04
   1.0727593e+04
   1.0697277e+04
   1.0665808e+04
   1.0635207e+04
   1.0606303e+04
   1.0577785e+04
   1.0551098e+04
   1.0526255e+04
   1.0498690e+04
   1.0470611e+04
   1.0445218e+04
   1.0419242e+04
   1.0392580e+04
   1.0373340e+04
   1.0351591e+04
   1.0333330e+04
   1.0313824e+04
   1.0293274e+04
   1.0271311e+04
   1.0251884e+04
   1.0227635e+04
   1.0210197e+04
   1.0189486e+04
   1.0167573e+04
   1.0147956e+04
   1.0131199e+04
   1.0119477e+04
   1.0102756e+04
   1.0089062e+04
   1.0074464e+04
   1.0061857e+04
   1.0047233e+04
   1.0029835e+04
   1.0014749e+04
   9.9993362e+03
   9.9838865e+03
   9.9706572e+03
   9.9547437e+03
   9.9407342e+03
   9.9245247e+03
   9.9112243e+03
   9.8957917e+03
   9.8835076e+03
   9.8748620e+03
   9.8651370e+03
   9.8517480e+03
   9.8381380e+03
   9.8208971e+03
   9.8055828e+03
   9.7918129e+03
   9.7800480e+03
   9.7681442e+03
   9.7519168e+03
   9.7412657e+03
   9.7319263e+03
   9.7195670e+03
   9.7082592e+03
   9.6929847e+03
   9.6847677e+03
   9.6724793e+03
   9.6653940e+03
   9.6576404e+03
   9.6480544e+03
   9.6386565e+03
   9.6223307e+03
   9.6134218e+03
   9.6044349e+03
   9.5952974e+03
   9.5869243e+03
   9.5738343e+03
   9.5637014e+03
   9.5547750e+03
   9.5460082e+03
   9.5416995e+03
   9.5332942e+03
   9.5239939e+03
   9.5140520e+03
   9.5076744e+03
   9.5024810e+03
   9.4970700e+03
   9.4895092e+03
   9.4820033e+03
   9.4706548e+03
   9.4629008e+03
   9.4531001e+03
   9.4461416e+03
   9.4358570e+03
   9.4294778e+03
   9.4206315e+03
   9.4119238e+03
   9.4061940e+03
   9.3996690e+03
   9.3913252e+03
   9.3832817e+03
   9.3783379e+03
   9.3748315e+03
   9.3663715e+03
   9.3555435e+03
   9.3433197e+03
   9.3292215e+03
   9.3173870e+03
   9.3030291e+03
   9.2866682e+03
   9.2721968e+03
   9.2591834e+03
   9.2467015e+03
   9.2296841e+03
   9.2083892e+03
   9.1861616e+03
   9.1635936e+03
   9.1415167e+03
   9.1157329e+03
   9.0879320e+03
   9.0577235e+03
   9.0245812e+03
   8.9892825e+03
   8.9539318e+03
   8.9146684e+03
   8.8735548e+03
   8.8293811e+03
   8.7833427e+03
   8.7371847e+03
   8.6880836e+03
   8.6353971e+03
   8.5837019e+03
   8.5261801e+03
   8.4658626e+03
   8.4055748e+03
   8.3418643e+03
   8.2770078e+03
   8.2081373e+03
   8.1359231e+03
   8.0631247e+03
   7.9856740e+03
   7.9058902e+03
   7.8286920e+03
   7.7449793e+03
   7.6642865e+03
   7.5830717e+03
   7.5006079e+03
   7.4199834e+03
   7.3336418e+03
   7.2474205e+03
   7.1610502e+03
   7.0765158e+03
   6.9891382e+03
   6.8981207e+03
   6.8158747e+03
   6.7307958e+03
   6.6428374e+03
   6.5616211e+03
   6.4744510e+03
   6.3907205e+03
   6.3086655e+03
   6.2219265e+03
   6.1383474e+03
   6.0556580e+03
   5.9733361e+03
   5.8946780e+03
   5.8128444e+03
   5.7314002e+03
   5.6570395e+03
   5.5756024e+03
   5.5010861e+03
   5.4259757e+03
   5.3509693e+03
   5.2780374e+03
   5.2082612e+03
   5.1406797e+03
   5.0732804e+03
   5.0025557e+03
   4.9415877e+03
   4.8777967e+03
   4.8140805e+03
   4.7571725e+03
   4.6984832e+03
   4.6417903e+03
   4.5835081e+03
   4.5309192e+03
   4.4804754e+03
   4.4294994e+03
   4.3814938e+03
   4.3309610e+03
   4.2843318e+03
   4.2376102e+03
   4.1948960e+03
   4.1514561e+03
   4.1092584e+03
   4.0687533e+03
   4.0274739e+03
   3.9885946e+03
   3.9517917e+03
   3.9166332e+03
   3.8831150e+03
   3.8492527e+03
   3.8161167e+03
   3.7822149e+03
   3.7511351e+03
   3.7205950e+03
   3.6901031e+03
   3.6615141e+03
   3.6327511e+03
   3.6048358e+03
   3.5788943e+03
   3.5521377e+03
   3.5272377e+03
   3.5017462e+03
   3.4781870e+03
   3.4534001e+03
   3.4271915e+03
   3.4008933e+03
   3.3780822e+03
   3.3574027e+03
   3.3357394e+03
   3.3145688e+03
   3.2940638e+03
   3.2756850e+03
   3.2590713e+03
   3.2383940e+03
   3.2198382e+03
   3.2002957e+03
   3.1814648e+03
   3.1625141e+03
   3.1425827e+03
   3.1245811e+03
   3.1053044e+03
   3.0895567e+03
   3.0727723e+03
   3.0564272e+03
   3.0397052e+03
   3.0226109e+03
   3.0081129e+03
   2.9925614e+03
   2.9760573e+03
   2.9604781e+03
   2.9448397e+03
   2.9306661e+03
   2.9157008e+03
   2.9007506e+03
   2.8864538e+03
   2.8720592e+03
   2.8572455e+03
   2.8433244e+03
   2.8300131e+03
   2.8172864e+03
   2.8047848e+03
   2.7903646e+03
   2.7747862e+03
   2.7600566e+03
   2.7458211e+03
   2.7332557e+03
   2.7174279e+03
   2.7038055e+03
   2.6893391e+03
   2.6751310e+03
   2.6608423e+03
   2.6464310e+03
   2.6335741e+03
   2.6203412e+03
   2.6079084e+03
   2.5949856e+03
   2.5829404e+03
   2.5704313e+03
   2.5575999e+03
   2.5454227e+03
   2.5332741e+03
   2.5215723e+03
   2.5087627e+03
   2.4955068e+03
   2.4820093e+03
   2.4703805e+03
   2.4589155e+03
   2.4477143e+03
   2.4347045e+03
   2.4223415e+03
   2.4113370e+03
   2.3982974e+03
   2.3849376e+03
   2.3723469e+03
   2.3594671e+03
   2.3478309e+03
   2.3348846e+03
   2.3244550e+03
   2.3129346e+03
   2.3025791e+03
   2.2913884e+03
   2.2804031e+03
   2.2702095e+03
   2.2589833e+03
   2.2488958e+03
   2.2395615e+03
   2.2286750e+03
   2.2183719e+03
   2.2075431e+03
   2.1964889e+03
   2.1873121e+03
   2.1785381e+03
   2.1690626e+03
   2.1612591e+03
   2.1529473e+03
   2.1438733e+03
   2.1352312e+03
   2.1269418e+03
   2.1194399e+03
   2.1124528e+03
   2.1035085e+03
   2.0951483e+03
   2.0874485e+03
   2.0809767e+03
   2.0739026e+03
   2.0679474e+03
   2.0624046e+03
   2.0568286e+03
   2.0501189e+03
   2.0446535e+03
   2.0389285e+03
   2.0338540e+03
   2.0285651e+03
   2.0230198e+03
   2.0199210e+03
   2.0173818e+03
   2.0139778e+03
   2.0109578e+03
   2.0067683e+03
   2.0058765e+03
   2.0029733e+03
   1.9999126e+03
   1.9965176e+03
   1.9946121e+03
   1.9927753e+03
   1.9915491e+03
   1.9900577e+03
   1.9900193e+03
   1.9901440e+03
   1.9894280e+03
   1.9879801e+03
   1.9873806e+03
   1.9865458e+03
   1.9858619e+03
   1.9851575e+03
   1.9860205e+03
   1.9863560e+03
   1.9869597e+03
   1.9871647e+03
   1.9869394e+03
   1.9877684e+03
   1.9901350e+03
   1.9915311e+03
   1.9929332e+03
   1.9951358e+03
   1.9963554e+03
   1.9966055e+03
   1.9966955e+03
   1.9967906e+03
   1.9969871e+03
   1.9976622e+03
   2.0003296e+03
   2.0021610e+03
   2.0041276e+03
   2.0041762e+03
   2.0046563e+03
   2.0055236e+03
   2.0042812e+03
   2.0028027e+03
   2.0019691e+03
   2.0010558e+03
   1.9998894e+03
   1.9990172e+03
   1.9977614e+03
   1.9974638e+03
   1.9976999e+03
   1.9969500e+03
   1.9974459e+03
   1.9947716e+03
   1.9924319e+03
   1.9893954e+03
   1.9864242e+03
   1.9819830e+03
   1.9792167e+03
   1.9758768e+03
   1.9727083e+03
   1.9694115e+03
   1.9661639e+03
   1.9630863e+03
   1.9586374e+03
   1.9533539e+03
   1.9476118e+03
   1.9420524e+03
   1.9373375e+03
   1.9326050e+03
   1.9272152e+03
   1.9210089e+03
   1.9145602e+03
   1.9080134e+03
   1.9022035e+03
   1.8960194e+03
   1.8896771e+03
   1.8827123e+03
   1.8761900e+03
   1.8683122e+03
   1.8611529e+03
   1.8543447e+03
   1.8472315e+03
   1.8394049e+03
   1.8321436e+03
   1.8258491e+03
   1.8174955e+03
   1.8099771e+03
   1.8017306e+03
   1.7934384e+03
   1.7849929e+03
   1.7774747e+03
   1.7699978e+03
   1.7616669e+03
   1.7535104e+03
   1.7462111e+03
   1.7383221e+03
   1.7299855e+03
   1.7221775e+03
   1.7148684e+03
   1.7074039e+03
   1.6999046e+03
   1.6927338e+03
   1.6859566e+03
   1.6776099e+03
   1.6682006e+03
   1.6604443e+03
   1.6517557e+03
   1.6441564e+03
   1.6361075e+03
   1.6281903e+03
   1.6216045e+03
   1.6153485e+03
   1.6064993e+03
   1.5992530e+03
   1.5920256e+03
   1.5843349e+03
   1.5770865e+03
   1.5709270e+03
   1.5652589e+03
   1.5590582e+03
   1.5517358e+03
   1.5445714e+03
   1.5383722e+03
   1.5323510e+03
   1.5258437e+03
   1.5198277e+03
   1.5129285e+03
   1.5072018e+03
   1.5007204e+03
   1.4938823e+03
   1.4864105e+03
   1.4797040e+03
   1.4734184e+03
   1.4671970e+03
   1.4605543e+03
   1.4544505e+03
   1.4479852e+03
   1.4420525e+03
   1.4378528e+03
   1.4329712e+03
   1.4274721e+03
   1.4225906e+03
   1.4167293e+03
   1.4109905e+03
   1.4043872e+03
   1.3987923e+03
   1.3930501e+03
   1.3884569e+03
   1.3828640e+03
   1.3790638e+03
   1.3739098e+03
   1.3688050e+03
   1.3621090e+03
   1.3550264e+03
   1.3491255e+03
   1.3431322e+03
   1.3384671e+03
   1.3337304e+03
   1.3275282e+03
   1.3219428e+03
   1.3170154e+03
   1.3134355e+03
   1.3093968e+03
   1.3059834e+03
   1.3011128e+03
   1.2968722e+03
   1.2910503e+03
   1.2860611e+03
   1.2809599e+03
   1.2760549e+03
   1.2699388e+03
   1.2645527e+03
   1.2593699e+03
   1.2550237e+03
   1.2500727e+03
   1.2455782e+03
   1.2402762e+03
   1.2336880e+03
   1.2289340e+03
   1.2243742e+03
   1.2191321e+03
   1.2147188e+03
   1.2097454e+03
   1.2054828e+03
   1.1998537e+03
   1.1961659e+03
   1.1919861e+03
   1.1880735e+03
   1.1827145e+03
   1.1779377e+03
   1.1721934e+03
   1.1664383e+03
   1.1608995e+03
   1.1553680e+03
   1.1501044e+03
   1.1454095e+03
   1.1417918e+03
   1.1368725e+03
   1.1314870e+03
   1.1259247e+03
   1.1202622e+03
   1.1155826e+03
   1.1098426e+03
   1.1060630e+03
   1.1009610e+03
   1.0957936e+03
   1.0908701e+03
   1.0862888e+03
   1.0817601e+03
   1.0770835e+03
   1.0720395e+03
   1.0672837e+03
   1.0619938e+03
   1.0569902e+03
   1.0518383e+03
   1.0465350e+03
   1.0409839e+03
   1.0356855e+03
   1.0297847e+03
   1.0244460e+03
   1.0210378e+03
   1.0162746e+03
   1.0116796e+03
   1.0065174e+03
   1.0024422e+03
   9.9889680e+02
   9.9421127e+02
   9.8916050e+02
   9.8478469e+02
   9.7995205e+02
   9.7548793e+02
   9.6994301e+02
   9.6431097e+02
   9.5891558e+02
   9.5353612e+02
   9.4935295e+02
   9.4399541e+02
   9.3964253e+02
   9.3471465e+02
   9.3131966e+02
   9.2793937e+02
   9.2340512e+02
   9.1808183e+02
   9.1356097e+02
   9.0918403e+02
   9.0445573e+02
   8.9972639e+02
   8.9540963e+02
   8.9178613e+02
   8.8791262e+02
   8.8329196e+02
   8.7949857e+02
   8.7432023e+02
   8.7016099e+02
   8.6659794e+02
   8.6306244e+02
   8.5963784e+02
   8.5485444e+02
   8.5034949e+02
   8.4621762e+02
   8.4252304e+02
   8.3934713e+02
   8.3532715e+02
   8.3183376e+02
   8.2695776e+02
   8.2225495e+02
   8.1852644e+02
   8.1488016e+02
   8.1141576e+02
   8.0814525e+02
   8.0524008e+02
   8.0178259e+02
   7.9790537e+02
   7.9353076e+02
   7.8883333e+02
   7.8524343e+02
   7.8185496e+02
   7.7853385e+02
   7.7538182e+02
   7.7182501e+02
   7.6828668e+02
   7.6409991e+02
   7.6054440e+02
   7.5787706e+02
   7.5525472e+02
   7.5236434e+02
   7.4932561e+02
   7.4647224e+02
   7.4301645e+02
   7.4003607e+02
   7.3630958e+02
   7.3364985e+02
   7.3057658e+02
   7.2713611e+02
   7.2399005e+02
   7.2071944e+02
   7.1798939e+02
   7.1495359e+02
   7.1135819e+02
   7.0793324e+02
   7.0593034e+02
   7.0388502e+02
   7.0124085e+02
   6.9839119e+02
   6.9497774e+02
   6.9177811e+02
   6.8873824e+02
   6.8720831e+02
   6.8385562e+02
   6.8122750e+02
   6.7838432e+02
   6.7613888e+02
   6.7387907e+02
   6.7170542e+02
   6.6912858e+02
   6.6593334e+02
   6.6256628e+02
   6.6062689e+02
   6.5779694e+02
   6.5643788e+02
   6.5411056e+02
   6.5193303e+02
   6.4873214e+02
   6.4611906e+02
   6.4341285e+02
   6.4169506e+02
   6.3973608e+02
   6.3777941e+02
   6.3475922e+02
   6.3262372e+02
   6.2946324e+02
   6.2776713e+02
   6.2578806e+02
   6.2492365e+02
   6.2279218e+02
   6.2008909e+02
   6.1778116e+02
   6.1493428e+02
   6.1240491e+02
   6.1051138e+02
   6.0786447e+02
   6.0566446e+02
   6.0309659e+02
   6.0105866e+02
   5.9897336e+02
   5.9677756e+02
   5.9534850e+02
   5.9380783e+02
   5.9266096e+02
   5.9110072e+02
   5.8929597e+02
   5.8764149e+02
   5.8555846e+02
   5.8295696e+02
   5.8098074e+02
   5.7939624e+02
   5.7682032e+02
   5.7529452e+02
   5.7281708e+02
   5.7082177e+02
   5.6884619e+02
   5.6718963e+02
   5.6517435e+02
   5.6321685e+02
   5.6142716e+02
   5.5940327e+02
   5.5744756e+02
   5.5702649e+02
   5.5517346e+02
   5.5307868e+02
   5.5144603e+02
   5.4955612e+02
   5.4855467e+02
   5.4696550e+02
   5.4495251e+02
   5.4321187e+02
   5.4096035e+02
   5.3904699e+02
   5.3749387e+02
   5.3606230e+02
   5.3492965e+02
   5.3371851e+02
   5.3221696e+02
   5.3057370e+02
   5.2889699e+02
   5.2719461e+02
   5.2568579e+02
   5.2421630e+02
   5.2209904e+02
   5.2053940e+02
   5.1941046e+02
   5.1891241e+02
   5.1771774e+02
   5.1706580e+02
   5.1740393e+02
   5.1675735e+02
   5.1546093e+02
   5.1380420e+02
   5.1282213e+02
   5.1154993e+02
   5.1038340e+02
   5.0914756e+02
   5.0834072e+02
   5.0776763e+02
   5.0556673e+02
   5.0439919e+02
   5.0343487e+02
   5.0257396e+02
   5.0210821e+02
   5.0101009e+02
   4.9995338e+02
   4.9922530e+02
   4.9812590e+02
   4.9738793e+02
   4.9611873e+02
   4.9584255e+02
   4.9470671e+02
   4.9467104e+02
   4.9340887e+02
   4.9236566e+02
   4.9193440e+02
   4.9091431e+02
   4.9047669e+02
   4.8966266e+02
   4.8939901e+02
   4.8861661e+02
   4.8861555e+02
   4.8785548e+02
   4.8763762e+02
   4.8665953e+02
   4.8586047e+02
   4.8487252e+02
   4.8431760e+02
   4.8404206e+02
   4.8373746e+02
   4.8334617e+02
   4.8273957e+02
   4.8300107e+02
   4.8256666e+02
   4.8216909e+02
   4.8162339e+02
   4.8090971e+02
   4.8075662e+02
   4.8030145e+02
   4.8014764e+02
   4.8003428e+02
   4.8026635e+02
   4.8011721e+02
   4.7995965e+02
   4.7925726e+02
   4.7937587e+02
   4.7953902e+02
   4.7900944e+02
   4.7795531e+02
   4.7723923e+02
   4.7731235e+02
   4.7723207e+02
   4.7728376e+02
   4.7654208e+02
   4.7657128e+02
   4.7616420e+02
   4.7597872e+02
   4.7595691e+02
   4.7602134e+02
   4.7537627e+02
   4.7465260e+02
   4.7417219e+02
   4.7376497e+02
   4.7322228e+02
   4.7352541e+02
   4.7259826e+02
   4.7228026e+02
   4.7171556e+02
   4.7128890e+02
   4.7047820e+02
   4.7005319e+02
   4.6993121e+02
   4.7015187e+02
   4.6990370e+02
   4.6938761e+02
   4.6905083e+02
   4.6855412e+02
   4.6760267e+02
   4.6632354e+02
   4.6531833e+02
   4.6525473e+02
   4.6398833e+02
   4.6391034e+02
   4.6256330e+02
   4.6237998e+02
   4.6096884e+02
   4.6008533e+02
   4.5813827e+02
   4.5689337e+02
   4.5561767e+02
   4.5517553e+02
   4.5444901e+02
   4.5424514e+02
   4.5368746e+02
   4.5305363e+02
   4.5238801e+02
   4.5108931e+02
   4.5005853e+02
   4.4898630e+02
   4.4794056e+02
   4.4660504e+02
   4.4469386e+02
   4.4263404e+02
   4.4069485e+02
   4.3917703e+02
   4.3748401e+02
   4.3651745e+02
   4.3533180e+02
   4.3425831e+02
   4.3280300e+02
   4.3179066e+02
   4.3015203e+02
   4.2938058e+02
   4.2780150e+02
   4.2700580e+02
   4.2521572e+02
   4.2377003e+02
   4.2172654e+02
   4.2052611e+02
   4.1861010e+02
   4.1726657e+02
   4.1518378e+02
   4.1381020e+02
   4.1198050e+02
   4.1051975e+02
   4.0888782e+02
   4.0740231e+02
   4.0535345e+02
   4.0388648e+02
   4.0244584e+02
   4.0132806e+02
   3.9970605e+02
   3.9799899e+02
   3.9620181e+02
   3.9475708e+02
   3.9279234e+02
   3.9075647e+02
   3.8932199e+02
   3.8786748e+02
   3.8648212e+02
   3.8442932e+02
   3.8296400e+02
   3.8151245e+02
   3.7946924e+02
   3.7807967e+02
   3.7593531e+02
   3.7417896e+02
   3.7307253e+02
   3.7134920e+02
   3.6948534e+02
   3.6748666e+02
   3.6528697e+02
   3.6369516e+02
   3.6140530e+02
   3.5982839e+02
   3.5803257e+02
   3.5701844e+02
   3.5548171e+02
   3.5431982e+02
   3.5260799e+02
   3.5044681e+02
   3.4881448e+02
   3.4747590e+02
   3.4598029e+02
   3.4435284e+02
   3.4291157e+02
   3.4163461e+02
   3.4063111e+02
   3.3927904e+02
   3.3762752e+02
   3.3626504e+02
   3.3516031e+02
   3.3416980e+02
   3.3306176e+02
   3.3158425e+02
   3.2983254e+02
   3.2791388e+02
   3.2602148e+02
   3.2463675e+02
   3.2309941e+02
   3.2162953e+02
   3.2007172e+02
   3.1940886e+02
   3.1807857e+02
   3.1694347e+02
   3.1564952e+02
   3.1402041e+02
   3.1289103e+02
   3.1222846e+02
   3.1110084e+02
   3.0973064e+02
   3.0811038e+02
   3.0667356e+02
   3.0517555e+02
   3.0363188e+02
   3.0208063e+02
   3.0142835e+02
   3.0062775e+02
   2.9912267e+02
   2.9796267e+02
   2.9652483e+02
   2.9552166e+02
   2.9426574e+02
   2.9280874e+02
   2.9156370e+02
   2.8961430e+02
   2.8877111e+02
   2.8739469e+02
   2.8624333e+02
   2.8512103e+02
   2.8381940e+02
   2.8240188e+02
   2.8186108e+02
   2.8090509e+02
   2.7988875e+02
   2.7894278e+02
   2.7819466e+02
   2.7673963e+02
   2.7614227e+02
   2.7515439e+02
   2.7453506e+02
   2.7353823e+02
   2.7262240e+02
   2.7172451e+02
   2.7059986e+02
   2.7001003e+02
   2.6932838e+02
   2.6785968e+02
   2.6636295e+02
   2.6565739e+02
   2.6550144e+02
   2.6487130e+02
   2.6453320e+02
   2.6397700e+02
   2.6297279e+02
   2.6135679e+02
   2.6023227e+02
   2.5926933e+02
   2.5919699e+02
   2.5881739e+02
   2.5883221e+02
   2.5772056e+02
   2.5642091e+02
   2.5496645e+02
   2.5409110e+02
   2.5330272e+02
   2.5278008e+02
   2.5177471e+02
   2.5161067e+02
   2.5076931e+02
   2.5047302e+02
   2.4908417e+02
   2.4824347e+02
   2.4766629e+02
   2.4697030e+02
   2.4583170e+02
   2.4446789e+02
   2.4366705e+02
   2.4389070e+02
   2.4338874e+02
   2.4260490e+02
   2.4168333e+02
   2.4110701e+02
   2.4011800e+02
   2.4010526e+02
   2.3957920e+02
   2.3843298e+02
   2.3751888e+02
   2.3656938e+02
   2.3624748e+02
   2.3589854e+02
   2.3534186e+02
   2.3504966e+02
   2.3437039e+02
   2.3439018e+02
   2.3396731e+02
   2.3316507e+02
   2.3234201e+02
   2.3164157e+02
   2.3101043e+02
   2.3006288e+02
   2.2961707e+02
   2.2920236e+02
   2.2942957e+02
   2.2902825e+02
   2.2873412e+02
   2.2827803e+02
   2.2700889e+02
   2.2636229e+02
   2.2591267e+02
   2.2582878e+02
   2.2565302e+02
   2.2507451e+02
   2.2340062e+02
   2.2319264e+02
   2.2229446e+02
   2.2250618e+02
   2.2197597e+02
   2.2172561e+02
   2.2135939e+02
   2.2084332e+02
   2.2059226e+02
   2.2005075e+02
   2.1962861e+02
   2.1942827e+02
   2.1904505e+02
   2.1889372e+02
   2.1832349e+02
   2.1825712e+02
   2.1764122e+02
   2.1718677e+02
   2.1625157e+02
   2.1593205e+02
   2.1553610e+02
   2.1515261e+02
   2.1445667e+02
   2.1445673e+02
   2.1388523e+02
   2.1327468e+02
   2.1292787e+02
   2.1267176e+02
   2.1213948e+02
   2.1178861e+02
   2.1081538e+02
   2.1071383e+02
   2.1000959e+02
   2.0988275e+02
   2.0934716e+02
   2.0931340e+02
   2.0862354e+02
   2.0809330e+02
   2.0737123e+02
   2.0667579e+02
   2.0690946e+02
   2.0697207e+02
   2.0641508e+02
   2.0637624e+02
   2.0580523e+02
   2.0533871e+02
   2.0534070e+02
   2.0527388e+02
   2.0472254e+02
   2.0390439e+02
   2.0319148e+02
   2.0292920e+02
   2.0285215e+02
   2.0251488e+02
   2.0179900e+02
   2.0097050e+02
   2.0013350e+02
   1.9954034e+02
   1.9951851e+02
   1.9972871e+02
   1.9908166e+02
   1.9930166e+02
   1.9882169e+02
   1.9835983e+02
   1.9819365e+02
   1.9815185e+02
   1.9737065e+02
   1.9668364e+02
   1.9616718e+02
   1.9552317e+02
   1.9439777e+02
   1.9405431e+02
   1.9381645e+02
   1.9388220e+02
   1.9321020e+02
   1.9300431e+02
   1.9243056e+02
   1.9196669e+02
   1.9132903e+02
   1.9121874e+02
   1.9086973e+02
   1.9054859e+02
   1.9049403e+02
   1.9039357e+02
   1.9022411e+02
   1.8974845e+02
   1.8854602e+02
   1.8820624e+02
   1.8798570e+02
   1.8824423e+02
   1.8783528e+02
   1.8791335e+02
   1.8743361e+02
   1.8729708e+02
   1.8642937e+02
   1.8576368e+02
   1.8502964e+02
   1.8493978e+02
   1.8406692e+02
   1.8453935e+02
   1.8404128e+02
   1.8358685e+02
   1.8345213e+02
   1.8305925e+02
   1.8218078e+02
   1.8226348e+02
   1.8170185e+02
   1.8131648e+02
   1.8069367e+02
   1.8094736e+02
   1.8089375e+02
   1.8036365e+02
   1.7999042e+02
   1.7961109e+02
   1.7918196e+02
   1.7864240e+02
   1.7853043e+02
   1.7815476e+02
   1.7796761e+02
   1.7768120e+02
   1.7725799e+02
   1.7683777e+02
   1.7635662e+02
   1.7611680e+02
   1.7561420e+02
   1.7493882e+02
   1.7497642e+02
   1.7464689e+02
   1.7441788e+02
   1.7396987e+02
   1.7381389e+02
   1.7393084e+02
   1.7310192e+02
   1.7276836e+02
   1.7237898e+02
   1.7217412e+02
   1.7165645e+02
   1.7144307e+02
   1.7140606e+02
   1.7178905e+02
   1.7119296e+02
   1.7059472e+02
   1.6936507e+02
   1.6918469e+02
   1.6885537e+02
   1.6892231e+02
   1.6834988e+02
   1.6750672e+02
   1.6735661e+02
   1.6770060e+02
   1.6746507e+02
   1.6730639e+02
   1.6680564e+02
   1.6670223e+02
   1.6636925e+02
   1.6602322e+02
   1.6542250e+02
   1.6559129e+02
   1.6510413e+02
   1.6478438e+02
   1.6433313e+02
   1.6368912e+02
   1.6323707e+02
   1.6274245e+02
   1.6309248e+02
   1.6307542e+02
   1.6316054e+02
   1.6283017e+02
   1.6263352e+02
   1.6249532e+02
   1.6191372e+02
   1.6158363e+02
   1.6076242e+02
   1.6042782e+02
   1.5959214e+02
   1.5963678e+02
   1.5873774e+02
   1.5890064e+02
   1.5851402e+02
   1.5832338e+02
   1.5787917e+02
   1.5767111e+02
   1.5786210e+02
   1.5775475e+02
   1.5759974e+02
   1.5728572e+02
   1.5663632e+02
   1.5652820e+02
   1.5618979e+02
   1.5623980e+02
   1.5613801e+02
   1.5634016e+02
   1.5600042e+02
   1.5631025e+02
   1.5577163e+02
   1.5596224e+02
   1.5521043e+02
   1.5441532e+02
   1.5407191e+02
   1.5363748e+02
   1.5276861e+02
   1.5244143e+02
   1.5116045e+02
   1.5106363e+02
   1.5042201e+02
   1.5045487e+02
   1.5023213e+02
   1.4960995e+02
   1.4940071e+02
   1.4947515e+02
   1.4862052e+02
   1.4836200e+02
   1.4778996e+02
   1.4771109e+02
   1.4669245e+02
   1.4682811e+02
   1.4661525e+02
   1.4650020e+02
   1.4611258e+02
   1.4551146e+02
   1.4512846e+02
   1.4453713e+02
   1.4401434e+02
   1.4353282e+02
   1.4310515e+02
   1.4313263e+02
   1.4320883e+02
   1.4325354e+02
   1.4253418e+02
   1.4193116e+02
   1.4149127e+02
   1.4114254e+02
   1.4107327e+02
   1.4049833e+02
   1.3944685e+02
   1.3914913e+02
   1.3848352e+02
   1.3867057e+02
   1.3884014e+02
   1.3837318e+02
   1.3684222e+02
   1.3628794e+02
   1.3584849e+02
   1.3594685e+02
   1.3526438e+02
   1.3519730e+02
   1.3475798e+02
   1.3449657e+02
   1.3451270e+02
   1.3405267e+02
   1.3338340e+02
   1.3315056e+02
   1.3237075e+02
   1.3178810e+02
   1.3154205e+02
   1.3105419e+02
   1.2970351e+02
   1.2901390e+02
   1.2867795e+02
   1.2851214e+02
   1.2887115e+02
   1.2898796e+02
   1.2848265e+02
   1.2807234e+02
   1.2730828e+02
   1.2678154e+02
   1.2659629e+02
   1.2710268e+02
   1.2680076e+02
   1.2638408e+02
   1.2503080e+02
   1.2469111e+02
   1.2361783e+02
   1.2351343e+02
   1.2283683e+02
   1.2312774e+02
   1.2258363e+02
   1.2206932e+02
   1.2147090e+02
   1.2113686e+02
   1.2069666e+02
   1.2023807e+02
   1.1966957e+02
   1.1960977e+02
   1.1877378e+02
   1.1875625e+02
   1.1827284e+02
   1.1848994e+02
   1.1736866e+02
   1.1686874e+02
   1.1609224e+02
   1.1565492e+02
   1.1531067e+02
   1.1504256e+02
   1.1472128e+02
   1.1520261e+02
   1.1492797e+02
   1.1445185e+02
   1.1331714e+02
   1.1315063e+02
   1.1278759e+02
   1.1236600e+02
   1.1202409e+02
   1.1179126e+02
   1.1205092e+02
   1.1163431e+02
   1.1115986e+02
   1.1093319e+02
   1.1082362e+02
   1.1042105e+02
   1.0954002e+02
   1.0962157e+02
   1.0955022e+02
   1.0936082e+02
   1.0874324e+02
   1.0847931e+02
   1.0818638e+02
   1.0820304e+02
   1.0762387e+02
   1.0731453e+02
   1.0690316e+02
   1.0629097e+02
   1.0577591e+02
   1.0526462e+02
   1.0464860e+02
   1.0455027e+02
   1.0401764e+02
   1.0402540e+02
   1.0398469e+02
   1.0373182e+02
   1.0324977e+02
   1.0311891e+02
   1.0290353e+02
   1.0293942e+02
   1.0187675e+02
   1.0179722e+02
   1.0153176e+02
   1.0132809e+02
   1.0128847e+02
   1.0070038e+02
   1.0063193e+02
   1.0044570e+02
   1.0041342e+02
   1.0033881e+02
   9.9746705e+01
   9.9109634e+01
   9.8766431e+01
   9.8554782e+01
   9.8026481e+01
   9.8031943e+01
   9.7572021e+01
   9.7210787e+01
   9.6763803e+01
   9.6786504e+01
   9.6617953e+01
   9.6750146e+01
   9.5861250e+01
   9.5576268e+01
   9.5156445e+01
   9.5285645e+01
   9.5138790e+01
   9.4985571e+01
   9.4421445e+01
   9.4166735e+01
   9.3967808e+01
   9.4573652e+01
   9.4206244e+01
   9.4194917e+01
   9.3876719e+01
   9.3256159e+01
   9.2814468e+01
   9.2543521e+01
   9.2735485e+01
   9.2376619e+01
   9.2100111e+01
   9.1894189e+01
   9.1973479e+01
   9.2105930e+01
   9.1832263e+01
   9.1846297e+01
   9.1295556e+01
   9.0869732e+01
   9.0756480e+01
   9.0422698e+01
   9.0447461e+01
   8.9970788e+01
   8.8932623e+01
   8.8741277e+01
   8.8501102e+01
   8.9082766e+01
   8.8965637e+01
   8.8987964e+01
   8.8626752e+01
   8.8736453e+01
   8.8473839e+01
   8.8600473e+01
   8.8543487e+01
   8.7928536e+01
   8.7806592e+01
   8.7262089e+01
   8.7094092e+01
   8.7076383e+01
   8.6606591e+01
   8.6404428e+01
   8.6506356e+01
   8.6033508e+01
   8.6137888e+01
   8.5692179e+01
   8.6118600e+01
   8.6103114e+01
   8.5666040e+01
   8.5683865e+01
   8.5078830e+01
   8.5656639e+01
   8.5170603e+01
   8.4860678e+01
   8.4324312e+01
   8.4629444e+01
   8.4556843e+01
   8.4133294e+01
   8.3905159e+01
   8.3292858e+01
   8.2912768e+01
   8.2865070e+01
   8.2500885e+01
   8.2681281e+01
   8.2260601e+01
   8.2002461e+01
   8.1735511e+01
   8.1806908e+01
   8.2333811e+01
   8.3003117e+01
   8.2892822e+01
   8.2545435e+01
   8.2201883e+01
   8.2024761e+01
   8.1996151e+01
   8.1883985e+01
   8.1861588e+01
   8.1502646e+01
   8.1418907e+01
   8.1516595e+01
   8.1188505e+01
   8.1271971e+01
   8.0468484e+01
   8.0324068e+01
   8.0008288e+01
   8.0396226e+01
   7.9856316e+01
   7.9687375e+01
   7.9243209e+01
   7.9026218e+01
   7.9147156e+01
   7.9008521e+01
   7.9407586e+01
   7.8835273e+01
   7.8807862e+01
   7.8884788e+01
   7.8729849e+01
   7.8704040e+01
   7.8015356e+01
   7.8013337e+01
   7.8054390e+01
   7.7961139e+01
   7.7629843e+01
   7.7711345e+01
   7.7800997e+01
   7.7685060e+01
   7.7153303e+01
   7.7409610e+01
   7.7331297e+01
   7.7761300e+01
   7.7211374e+01
   7.7049586e+01
   7.6919224e+01
   7.6426731e+01
   7.6570107e+01
   7.6522602e+01
   7.6573031e+01
   7.6638867e+01
   7.6049691e+01
   7.6226393e+01
   7.5722970e+01
   7.5749410e+01
   7.5559721e+01
   7.5380824e+01
   7.4891446e+01
   7.4615961e+01
   7.4555457e+01
   7.4639675e+01
   7.4283401e+01
   7.4099907e+01
   7.3433462e+01
   7.3419741e+01
   7.2985910e+01
   7.3151139e+01
   7.3491226e+01
   7.3561522e+01
   7.3310607e+01
   7.2728839e+01
   7.2511280e+01
   7.2298778e+01
   7.2397743e+01
   7.2336407e+01
   7.2144708e+01
   7.2289416e+01
   7.1761593e+01
   7.1813885e+01
   7.1347582e+01
   7.1483856e+01
   7.1214104e+01
   7.1077076e+01
   7.1112088e+01
   7.1071329e+01
   7.0504439e+01
   7.0119657e+01
   6.9274496e+01
   6.9129302e+01
   6.9228528e+01
   6.9304806e+01
   6.9271411e+01
   6.9177578e+01
   6.9312175e+01
   6.9199792e+01
   6.9096494e+01
   6.9011653e+01
   6.8899624e+01
   6.8692825e+01
   6.8442702e+01
   6.8324463e+01
   6.8030014e+01
   6.7402266e+01
   6.7646926e+01
   6.7689757e+01
   6.7798939e+01
   6.7225494e+01
   6.7272041e+01
   6.6687583e+01
   6.6370516e+01
   6.6363109e+01
   6.6139469e+01
   6.6211430e+01
   6.6002389e+01
   6.5817484e+01
   6.5836252e+01
   6.6045628e+01
   6.6038722e+01
   6.5655610e+01
   6.5128268e+01
   6.5088753e+01
   6.5131657e+01
   6.4934160e+01
   6.4728142e+01
   6.4919268e+01
   6.4619336e+01
   6.4254406e+01
   6.3741502e+01
   6.3990928e+01
   6.2942824e+01
   6.2754804e+01
   6.2562589e+01
   6.2764364e+01
   6.2728680e+01
   6.2869866e+01
   6.2583491e+01
   6.3001176e+01
   6.2542912e+01
   6.2636546e+01
   6.1757295e+01
   6.1677063e+01
   6.1365774e+01
   6.1774124e+01
   6.1438479e+01
   6.1546501e+01
   6.0584919e+01
   6.0582451e+01
   6.0388336e+01
   6.0506555e+01
   6.0256043e+01
   6.0431643e+01
   6.0269723e+01
   6.0254876e+01
   6.0359905e+01
   6.0478803e+01
   6.0309801e+01
   6.0507973e+01
   6.0010070e+01
   6.0246922e+01
   6.0263560e+01
   6.0108496e+01
   5.9800592e+01
   5.9071305e+01
   5.8650479e+01
   5.8729340e+01
   5.8424612e+01
   5.8458803e+01
   5.8052982e+01
   5.8139406e+01
   5.7921259e+01
   5.7705284e+01
   5.7394604e+01
   5.7198992e+01
   5.7255019e+01
   5.7554564e+01
   5.7165369e+01
   5.7645521e+01
   5.7318340e+01
   5.7408866e+01
   5.6532188e+01
   5.6660569e+01
   5.5881059e+01
   5.6194658e+01
   5.5679252e+01
   5.5769596e+01
   5.5189684e+01
   5.5735402e+01
   5.5521521e+01
   5.5219847e+01
   5.5180364e+01
   5.5208480e+01
   5.4465338e+01
   5.4513308e+01
   5.4152012e+01
   5.4347332e+01
   5.3844049e+01
   5.3829065e+01
   5.3763550e+01
   5.3914659e+01
   5.3582127e+01
   5.3345610e+01
   5.2701982e+01
   5.3100224e+01
   5.3170488e+01
   5.3670334e+01
   5.3136385e+01
   5.3215281e+01
   5.2766320e+01
   5.2960991e+01
   5.2453773e+01
   5.2489873e+01
   5.1901305e+01
   5.1912419e+01
   5.2020246e+01
   5.1903488e+01
   5.1831646e+01
   5.1617542e+01
   5.2156507e+01
   5.2229374e+01
   5.2093016e+01
   5.1524056e+01
   5.1094296e+01
   5.1453286e+01
   5.0565032e+01
   5.0523656e+01
   5.0425305e+01
   5.0758347e+01
   5.0582036e+01
   5.0448437e+01
   4.9948652e+01
   4.9977861e+01
   4.9783671e+01
   5.0066638e+01
   4.9551789e+01
   4.9898442e+01
   4.9576144e+01
   4.9259377e+01
   4.9041012e+01
   4.9228829e+01
   4.8525543e+01
   4.8736760e+01
   4.8355756e+01
   4.8590581e+01
   4.8750392e+01
   4.8958645e+01
   4.8584936e+01
   4.8928824e+01
   4.9257422e+01
   4.9036917e+01
   4.9212909e+01
   4.9137870e+01
   4.8876047e+01
   4.8510406e+01
   4.7834344e+01
   4.8481932e+01
   4.8211654e+01
   4.8308414e+01
   4.8110403e+01
   4.8425273e+01
   4.7725759e+01
   4.7872924e+01
   4.7676703e+01
   4.7888938e+01
   4.7763265e+01
   4.7904042e+01
   4.7502701e+01
   4.7575966e+01
   4.6997361e+01
   4.6547525e+01
   4.6262305e+01
   4.6812135e+01
   4.6626024e+01
   4.6963333e+01
   4.6189830e+01
   4.6525615e+01
   4.5636262e+01
   4.5961280e+01
   4.5948057e+01
   4.5947039e+01
   4.6039106e+01
   4.5974834e+01
   4.5980903e+01
   4.6132754e+01
   4.6156401e+01
   4.6195894e+01
   4.5763911e+01
   4.5307228e+01
   4.5280898e+01
   4.5358611e+01
   4.5364584e+01
   4.5489159e+01
   4.5326017e+01
   4.4825357e+01
   4.4741478e+01
   4.4909498e+01
   4.4762980e+01
   4.5013887e+01
   4.4779563e+01
   4.4895924e+01
   4.4632167e+01
   4.4338966e+01
   4.4013425e+01
   4.4128576e+01
   4.3849986e+01
   4.4142159e+01
   4.4074383e+01
   4.4138190e+01
   4.3845565e+01
   4.4096053e+01
   4.4092768e+01
   4.4647035e+01
   4.4248216e+01
   4.4194290e+01
   4.4006440e+01
   4.3632887e+01
   4.3569369e+01
   4.3883743e+01
   4.3369050e+01
   4.3438858e+01
   4.3351985e+01
   4.3178690e+01
   4.2871928e+01
   4.3044082e+01
   4.2787560e+01
   4.2775230e+01
   4.2626251e+01
   4.2954725e+01
   4.2516867e+01
   4.2678113e+01
   4.2463354e+01
   4.3116151e+01
   4.2882735e+01
   4.2940677e+01
   4.2348768e+01
   4.2447401e+01
   4.2430506e+01
   4.2613362e+01
   4.2344897e+01
   4.2141074e+01
   4.2475891e+01
   4.2990094e+01
   4.2938752e+01
   4.2862842e+01
   4.2666657e+01
   4.1666680e+01
   4.1749753e+01
   4.1988072e+01
   4.1906668e+01
   4.2509191e+01
   4.2289519e+01
   4.2375512e+01
   4.1970114e+01
   4.2208458e+01
   4.2855932e+01
   4.2387799e+01
   4.2269263e+01
   4.1965466e+01
   4.1966165e+01
   4.2407720e+01
   4.2546080e+01
   4.2040356e+01
   4.1761327e+01
   4.1793074e+01
   4.2137187e+01
   4.1991241e+01
   4.1891484e+01
   4.2223472e+01
   4.2705146e+01
   4.2947791e+01
   4.2886571e+01
   4.2392698e+01
   4.2328662e+01
   4.2033444e+01
   4.1929953e+01
   4.1980932e+01
   4.1483443e+01
   4.1486268e+01
   4.1338076e+01
   4.1462515e+01
   4.0920874e+01
   4.0894921e+01
   4.0490103e+01
   4.1647764e+01
   4.1767910e+01
   4.1948633e+01
   4.1731289e+01
   4.1764655e+01
   4.1530099e+01
   4.1438630e+01
   4.1157459e+01
   4.0621713e+01
   4.0851459e+01
   4.0896569e+01
   4.1402897e+01
   4.1420553e+01
   4.1995628e+01
   4.1322228e+01
   4.1497137e+01
   4.0833899e+01
   4.1390780e+01
   4.1582182e+01
   4.1444358e+01
   4.1006117e+01
   4.1188728e+01
   4.1175887e+01
   4.1344640e+01
   4.0720476e+01
   4.0364531e+01
   4.0017923e+01
   4.0301993e+01
   4.0267527e+01
   4.0406114e+01
   3.9975043e+01
   4.0179797e+01
   4.0792799e+01
   4.1230351e+01
   4.0907531e+01
   4.0748252e+01
   4.0975768e+01
   4.0593338e+01
   4.1034343e+01
   4.1080827e+01
   4.0977155e+01
   4.1582065e+01
   4.1814015e+01
   4.1130256e+01
   4.1272485e+01
   4.0542961e+01
   4.0969073e+01
   4.0117984e+01
   3.9768589e+01
   3.9530313e+01
   3.9791624e+01
   3.9756826e+01
   3.9441390e+01
   3.9186152e+01
   3.9206736e+01
   4.0073320e+01
   3.9870814e+01
   3.9888636e+01
   3.9776757e+01
   3.8941695e+01
   3.8603364e+01
   3.8883775e+01
   3.9852727e+01
   4.0082480e+01
   4.0115696e+01
   3.9993797e+01
   4.0025887e+01
   3.9296666e+01
   3.9411955e+01
   3.9008716e+01
   3.9067507e+01
   3.8676245e+01
   3.8532502e+01
   3.8919213e+01
   3.9310540e+01
   3.9302721e+01
   3.8782445e+01
   3.9047025e+01
   3.8781360e+01
   3.8928983e+01
   3.8279909e+01
   3.8132820e+01
   3.8516776e+01
   3.8722953e+01
   3.9351375e+01
   3.9309183e+01
   3.8929477e+01
   3.8679643e+01
   3.8806738e+01
   3.8300164e+01
   3.8285739e+01
   3.6946784e+01
   3.7479300e+01
   3.8028307e+01
   3.8520990e+01
   3.8202084e+01
   3.7629107e+01
   3.7685039e+01
   3.7278915e+01
   3.6877407e+01
   3.7075209e+01
   3.7063800e+01
   3.7745548e+01
   3.7240875e+01
   3.6762169e+01
   3.6740618e+01
   3.7990836e+01
   3.8197329e+01
   3.8058736e+01
   3.7361814e+01
   3.8171074e+01
   3.7260235e+01
   3.7620327e+01
   3.7177465e+01
   3.7700625e+01
   3.7664717e+01
   3.7358281e+01
   3.7198953e+01
   3.7084134e+01
   3.6891384e+01
   3.6589516e+01
   3.7064694e+01
   3.7367497e+01
   3.7849789e+01
   3.7429535e+01
   3.7182474e+01
   3.7006608e+01
   3.7255577e+01
   3.8278198e+01
   3.7798620e+01
   3.6536794e+01
   3.6084313e+01
   3.6698241e+01
   3.6655526e+01
   3.6794159e+01
   3.5905652e+01
   3.6756106e+01
   3.6307339e+01
   3.6070520e+01
   3.5982628e+01
   3.5280055e+01
   3.4551024e+01
   3.4549488e+01
   3.5165161e+01
   3.5288205e+01
   3.5569146e+01
   3.5951204e+01
   3.5362380e+01
   3.5242308e+01
   3.5307327e+01
   3.5599710e+01
   3.5710704e+01
   3.4827902e+01
   3.5035482e+01
   3.4957216e+01
   3.4805073e+01
   3.5058957e+01
   3.5761079e+01
   3.5159421e+01
   3.5292118e+01
   3.5916997e+01
   3.5511901e+01
   3.4392897e+01
   3.3737454e+01
   3.4279327e+01
   3.3898871e+01
   3.4105437e+01
   3.4261852e+01
   3.4069967e+01
   3.4048198e+01
   3.4449056e+01
   3.3409186e+01
   3.2669506e+01
   3.2691135e+01
   3.2986179e+01
   3.3226090e+01
   3.3282645e+01
   3.2290865e+01
   3.2250593e+01
   3.3327527e+01
   3.2890531e+01
   3.3144380e+01
   3.3067309e+01
   3.3830762e+01
   3.2994773e+01
   3.3575225e+01
   3.3727389e+01
   3.2500335e+01
   3.2322478e+01
   3.2469612e+01
   3.1879019e+01
   3.2853145e+01
   3.2310490e+01
   3.3595866e+01
   3.3404315e+01
   3.4150210e+01
   3.3259316e+01
   3.1566166e+01
   3.1765276e+01
   3.2344357e+01
   3.3563648e+01
   3.2617291e+01
   3.1588253e+01
   3.0651385e+01
   3.0753228e+01
   3.1649374e+01
   3.2267866e+01
   3.2199497e+01
   3.1070029e+01
   3.1613518e+01
   3.1311862e+01
   3.1480253e+01
   3.1299081e+01
   3.1366178e+01
   3.0222194e+01
   3.0085166e+01
   3.0210493e+01
   3.0848169e+01
   3.1597677e+01
   3.2360925e+01
   3.2099923e+01
   3.2723835e+01
   3.0872567e+01
   3.0689872e+01
   3.1547800e+01
   3.1190167e+01
   3.1534009e+01
   3.1276347e+01
   3.0275040e+01
   3.0015908e+01
   3.1256329e+01
   3.1319526e+01
   3.0426049e+01
   2.9303735e+01
   2.9378492e+01
   3.0532222e+01
   3.0691424e+01
   3.0693341e+01
   2.9848591e+01
   3.1224530e+01
   3.1735795e+01
   3.0577829e+01
   2.8451400e+01
   2.9356400e+01
   2.9638477e+01
   3.1221824e+01
   3.0155882e+01
   2.9804925e+01
   2.9837175e+01
   2.9758554e+01
   2.9514709e+01
   2.9575351e+01
   2.9976545e+01
   3.0548025e+01
   3.0082178e+01
   3.0999347e+01
   3.1014436e+01
   3.1188366e+01
   3.1148025e+01
   3.0257235e+01
   2.9802743e+01
   2.9107068e+01
   2.8906236e+01
   2.9542874e+01
   3.0932884e+01
   3.0832132e+01
   3.1300725e+01
   3.0502612e+01
   2.9308576e+01
   2.7827166e+01
   2.7787357e+01
   2.8776485e+01
   2.8593316e+01
   2.9226550e+01
   2.8653870e+01
   2.8893414e+01
   2.6424112e+01
   2.4670609e+01
   2.3941273e+01
   2.4452970e+01
   2.6606540e+01
   2.7601859e+01
   2.7464086e+01
   2.5650100e+01
   2.5908892e+01
   2.7011296e+01
   2.6127824e+01
   2.4339721e+01
   2.5434598e+01
   2.6293308e+01
   2.7289081e+01
   2.8583655e+01
   2.7345718e+01
   2.5255317e+01
   2.4395355e+01
   2.3810170e+01
   2.5287565e+01
   2.5754833e+01
   2.8606012e+01
   2.9989104e+01
   3.0219019e+01
   2.8794599e+01
   2.6512257e+01
   2.6682651e+01
   2.6743139e+01
   2.5364085e+01
   2.5320394e+01
   2.7074907e+01
   2.6595177e+01
   2.6201079e+01
   2.5819653e+01
   2.4843559e+01
   2.5837113e+01
   2.6077588e+01
   2.6829154e+01
   2.6113624e+01
   2.4685501e+01
   2.3509981e+01
   2.4511130e+01
   2.7010797e+01
   2.5222025e+01
   2.3885703e+01
   2.4497399e+01
   2.3032401e+01
   2.4093985e+01
   2.4299565e+01
   2.5038282e+01
   2.3838104e+01
   2.0201314e+01
   2.2242051e+01
   2.2453690e+01
   2.0127444e+01
   2.1281311e+01
   2.0660253e+01
   2.3028961e+01
   2.5469589e+01
   2.3635246e+01
   2.0457667e+01
   2.0384400e+01
   0.0000000e+00
